solver=gd_t
n_hidden_layers=0
examples_per_class=1
examples_skip=0
time_out=5
lr=0.001
tf_seed=1
train_performance=1.0
test_performance=0.17
total_time=0.006761630376180013
is_sat=True
weights=[[[0.0, -0.5, 0.0], [0.0, 0.0, 0.0], [0.0, 0.0, -3.725290298461914e-09], [0.0, 7.450580596923828e-09, 0.0], [0.0, 0.0, -0.4999999701976776], [0.5, 0.0, 0.0], [-0.4999999701976776, 0.0, 0.0], [0.0, 0.0, 0.0], [0.0, 0.0, -3.725290298461914e-09], [0.0, 0.0, 0.0], [0.0, 0.0, 0.0], [0.0, 0.0, 0.0], [0.0, 0.0, 1.4901161193847656e-08], [0.0, 0.0, 0.0], [0.0, 0.0, 0.0], [0.0, 0.5, 0.0], [-0.5, 0.0, 0.0], [0.0, 0.0, 0.0], [0.0, -0.5, 0.0], [7.450580596923828e-09, 0.0, 0.0], [0.0, 0.0, 0.0], [0.0, 0.0, 0.0], [0.0, -0.5, 0.0], [0.0, 0.0, 0.0], [0.0, 0.0, 0.0], [0.0, 0.0, 0.0], [0.0, 0.0, 0.0], [-0.5, 0.0, 0.0], [0.0, 0.0, 0.0], [0.0, 0.0, 0.0], [0.0, 0.0, 0.5], [0.0, 0.0, 0.0], [0.0, 0.0, 0.0], [0.0, 0.0, 0.0], [0.0, 0.0, 0.0], [0.0, 0.0, 0.0], [0.0, 0.0, 0.0], [0.0, 0.0, 0.0], [0.0, 0.0, 0.0], [0.0, 0.0, 0.0], [0.0, 0.0, 0.0], [0.0, 0.0, 0.0], [0.0, 0.0, 0.0], [0.0, 0.0, 0.0], [0.0, 0.0, 0.0], [0.0, 0.0, 0.0], [0.0, 0.0, 0.0], [0.0, 0.0, 0.0], [0.0, 0.0, 0.0], [0.0, 0.0, 0.0]]]
biases=[[0.0, 0.0, 0.0]]
