solver=gd_t
n_hidden_layers=0
examples_per_class=3
examples_skip=0
time_out=5
lr=0.001
tf_seed=1
train_performance=1.0
test_performance=0.343
total_time=0.030509471893310547
is_sat=True
weights=[[[0.0, 0.0, 0.0], [0.0, 0.0, 0.0], [0.0, 0.0, 0.0], [0.0, 0.0, 0.0], [0.0, 0.0, -0.5], [0.5, -0.5, 0.0], [0.0, 0.0, 0.0], [0.5, 0.0, 0.0], [0.0, -0.5, 0.0], [0.0, 0.0, 0.0], [0.0, 0.0, 0.0], [0.0, 0.0, 0.0], [-0.5, 0.5, 0.0], [0.0, 0.0, 0.0], [-0.4999999701976776, 0.4999999403953552, 0.0], [0.0, 0.0, 0.0], [0.5, 0.0, 0.0], [0.0, 0.0, 0.0], [0.0, -0.5, 0.5], [0.0, 0.0, 0.0], [0.0, 0.0, 0.5000000596046448], [-0.5, 0.5, 0.0], [0.0, 0.0, 0.0], [0.0, 0.0, 0.0], [0.0, 0.0, 0.0], [0.0, 0.0, 0.0], [-1.0, 0.0, 0.0], [0.0, 0.0, 0.0], [0.0, -0.5, 0.0], [0.5, 0.0, 0.0], [0.0, 0.0, 0.0], [0.0, -0.5, 0.0], [0.0, 0.0, 1.4901161193847656e-08], [0.0, 0.0, 0.0], [0.0, 0.0, 0.0], [0.0, 0.0, 0.0], [-0.5, 0.0, 0.0], [0.0, 0.0, 0.0], [0.0, 0.0, 0.0], [0.0, 0.0, 0.5], [0.0, 0.0, 0.0], [0.0, 0.0, 0.0], [0.0, 0.0, 0.0], [0.0, 0.0, 0.0], [0.0, 0.0, 0.0], [0.0, 0.0, 0.0], [0.0, 0.0, 0.0], [0.0, 0.0, 0.0], [0.0, 0.0, 0.0], [0.0, 0.0, 0.0]]]
biases=[[0.0, 0.0, 0.0]]
