solver=gd_t
n_hidden_layers=1
examples_per_class=3
examples_skip=0
time_out=5
lr=0.001
tf_seed=4
train_performance=1.0
test_performance=0.2695
total_time=0.04891573190689087
is_sat=True
weights=[[[0.0, 0.0, 0.0, 0.0, -0.5, 0.0, 0.0, 0.0, 1.0, -0.4999999701976776, 0.0, 0.0, 0.0, 1.0, 0.0, 0.0], [0.0, 0.0, 0.0, 0.0, 0.0, 0.0, 0.0, 0.0, 0.0, -0.5, 0.0, 0.0, 0.0, -0.5, 0.0, 0.0], [0.0, -0.4999999701976776, 0.0, 0.0, 0.0, 0.0, 0.0, 0.0, 0.0, -1.0, 0.0, 0.0, 0.5, 0.0, 0.0, 0.0], [0.0, 0.0, 7.450580596923828e-09, 0.0, 0.0, 0.0, 0.0, 0.0, 0.0, -1.0, -1.862645149230957e-09, 0.0, 7.450580596923828e-09, 0.0, 0.0, -1.1641532182693481e-09], [0.0, 0.0, 0.0, 0.0, 0.0, 0.0, 0.0, -7.450580596923828e-09, 0.0, 0.0, -3.725290298461914e-09, 6.402842700481415e-10, 0.0, -1.0, 0.0, 0.0], [0.0, 0.0, 0.0, 0.0, 0.0, 0.0, 0.0, 0.0, 0.0, -1.0, 0.0, 0.0, 0.0, -1.0, 3.725290298461914e-09, 0.0], [0.0, 0.0, -9.313225746154785e-10, 0.0, 0.0, 0.0, 4.6566128730773926e-09, 0.0, 0.0, -0.5, 0.0, -2.3283064365386963e-10, 0.0, 0.0, 0.0, -1.862645149230957e-09], [0.0, -0.5, -7.450580596923828e-09, 0.0, -1.0, 3.725290298461914e-09, 0.0, 0.0, 0.4999999701976776, -1.0, 7.450580596923828e-09, 0.0, 0.0, 0.0, 0.0, -1.862645149230957e-09], [0.5, 0.0, 0.0, 0.0, 0.0, 0.0, 1.6298145055770874e-09, 0.0, 0.0, -1.0, -3.725290298461914e-09, 7.450580596923828e-09, 0.5, 0.0, 1.862645149230957e-09, 3.725290298461914e-09], [0.0, 0.0, -2.7939677238464355e-09, 0.0, 0.0, -1.862645149230957e-09, 3.725290298461914e-09, 0.0, 0.0, 0.0, 0.0, 0.0, 0.0, -0.5, 0.0, 2.9103830456733704e-11], [0.0, 0.0, 0.0, 3.725290298461914e-09, 0.0, 0.0, 0.0, 0.0, -1.862645149230957e-09, -0.5, 0.0, 3.725290298461914e-09, 0.0, -0.5, 0.0, 0.0], [0.0, 0.0, 0.0, 0.0, 0.0, 0.0, 0.0, 2.3283064365386963e-10, 0.0, -0.5, 0.0, -4.656612873077393e-10, 0.0, 0.0, 0.0, 1.862645149230957e-09], [0.0, 0.0, 0.0, -0.5, 0.5, 3.725290298461914e-09, -3.725290298461914e-09, 0.0, -1.0, 1.0, -3.725290298461914e-09, 0.0, 0.0, -1.0, 0.0, 0.0], [0.0, 0.0, 0.0, 0.0, 0.0, 1.862645149230957e-09, 0.0, 0.0, -3.725290298461914e-09, -1.0, 9.313225746154785e-10, -3.725290298461914e-09, 0.0, -1.0, 0.0, 0.0], [0.0, 0.0, 0.0, -1.0, 1.0, 0.0, 0.0, 1.862645149230957e-09, -1.0, 1.0, -4.656612873077393e-10, 0.0, 0.0, -0.9999999403953552, 0.0, 1.862645149230957e-09], [0.0, 0.0, 1.862645149230957e-09, 0.0, 0.0, 0.0, 1.6880221664905548e-09, 0.0, 3.725290298461914e-09, -0.5, 0.0, 7.450580596923828e-09, 0.0, -0.5, 0.0, 2.7939677238464355e-09], [0.0, 0.0, 0.0, 0.0, -1.0, 0.0, 5.587935447692871e-09, 0.0, 1.0, -1.0, -4.94765117764473e-10, 0.0, 0.5, 0.0, 0.0, -1.862645149230957e-09], [0.0, 0.0, 0.0, 0.0, 1.0, 9.313225746154785e-10, 0.0, 0.0, -1.0, 0.0, 0.0, 0.0, 0.0, -1.0, 0.0, 0.0], [0.0, 0.0, -1.862645149230957e-09, 0.0, 0.0, 0.0, 0.0, 0.0, 0.0, 0.0, 0.0, -1.3969838619232178e-09, 3.4924596548080444e-10, 1.0, 0.0, 0.0], [0.0, 0.0, 0.0, 0.0, 0.0, 0.0, 0.0, 0.0, 0.5, -1.0, 0.0, 0.0, 0.5, -0.5, 0.0, 0.0], [0.0, 0.0, 0.0, 0.0, 0.0, 0.0, 0.0, -0.5, 0.0, 1.0, -2.0881998352706432e-09, -1.862645149230957e-09, 0.0, 1.0, 0.0, 0.0], [0.0, 0.0, 0.0, 0.0, 0.4999999701976776, 0.0, 0.0, 0.0, -1.0, 1.0, 0.0, -7.450580596923828e-09, 0.0, -1.0, 0.0, 0.0], [3.725290298461914e-09, 0.0, -1.862645149230957e-09, 0.0, 0.0, 0.0, 0.0, -1.862645149230957e-09, 0.0, -0.4999999701976776, 3.4924596548080444e-09, 0.0, 0.0, -1.0, 3.725290298461914e-09, 0.0], [0.0, 9.313225746154785e-10, -1.3969838619232178e-09, 0.0, 0.5, 0.0, 0.0, 0.0, -1.0, 1.0, -6.984919309616089e-10, 0.0, 0.0, -7.450580596923828e-09, 1.862645149230957e-09, 0.0], [0.0, 0.0, 0.0, 0.0, 0.0, 0.0, 0.0, 0.0, 1.0, 1.862645149230957e-09, 0.0, 3.725290298461914e-09, 0.0, 1.0, 0.0, -1.862645149230957e-09], [7.450580596923828e-09, 0.0, 0.0, 0.5, 0.0, 3.026798367500305e-09, 0.0, -1.862645149230957e-09, 1.0, 0.0, -3.725290298461914e-09, -1.862645149230957e-09, 0.0, 1.0, 0.0, 7.450580596923828e-09], [0.0, 0.0, 0.0, 0.0, 0.0, 0.0, 0.0, -1.0, 0.0, 1.0, -3.725290298461914e-09, 0.0, 0.0, 1.0, 0.0, 0.0], [0.0, 0.0, 0.0, 0.0, -0.5, 0.0, 0.0, -3.725290298461914e-09, 1.0, -0.5, 1.862645149230957e-09, -9.313225746154785e-10, -2.3283064365386963e-10, 0.0, 0.0, -3.725290298461914e-09], [0.0, 0.0, 0.0, 0.5, 0.0, 0.0, 0.0, 0.0, 1.0, 0.0, 0.0, 0.0, 0.0, 1.0, 0.0, 3.725290298461914e-09], [0.0, 0.0, 0.0, 0.4999999701976776, 0.0, 0.0, 0.0, 3.725290298461914e-09, 1.0, 0.0, 1.862645149230957e-09, 0.0, 0.0, 0.0, 0.0, 0.0], [0.0, 0.0, 0.0, 0.0, 0.0, 0.0, 0.0, 0.0, 1.0, 0.0, -1.862645149230957e-09, 0.0, 0.0, 1.0, 0.0, 0.0], [0.0, 0.0, 3.725290298461914e-09, 0.0, 0.0, -2.9103830456733704e-09, 0.0, -0.5000000596046448, 0.0, 0.5, 0.0, -1.862645149230957e-09, 0.0, 1.0, 0.0, -9.313225746154785e-10], [-1.862645149230957e-09, 0.0, 0.0, 0.0, 0.0, 3.725290298461914e-09, 0.0, -1.0, -0.5, 0.5, 0.0, 0.0, 0.0, 1.0, 0.0, -5.820766091346741e-11], [0.0, 0.0, -3.259629011154175e-09, 0.0, 0.0, 0.0, -7.450580596923828e-09, -1.0, -1.0, 1.0, -7.450580596923828e-09, 0.0, 0.0, 0.9999999403953552, 0.0, 3.4924596548080444e-10], [-2.3283064365386963e-10, 0.0, 0.0, 0.0, 3.259629011154175e-09, 0.0, 0.0, -1.0, -0.5, 0.0, 0.0, 0.0, -2.9103830456733704e-10, 1.0, 0.0, 0.0], [-3.725290298461914e-09, 0.0, 9.313225746154785e-10, 0.0, -1.862645149230957e-09, 3.725290298461914e-09, 0.0, -1.0, -1.0, 0.0, 0.0, 0.0, -9.313225746154785e-10, 1.0, -3.725290298461914e-09, -2.9103830456733704e-10], [0.0, 0.0, 0.0, 0.0, 0.0, 4.656612873077393e-10, 0.0, -0.5, 0.0, 0.0, 0.0, 0.0, 0.0, 1.0, 0.0, -9.313225746154785e-10], [9.313225746154785e-10, 0.0, 1.1641532182693481e-10, 0.0, 0.0, 3.725290298461914e-09, -1.862645149230957e-09, -1.0, -0.5, 0.0, -3.725290298461914e-09, 9.313225746154785e-10, -2.7939677238464355e-09, 1.0, 1.862645149230957e-09, 4.656612873077393e-10], [0.0, 3.725290298461914e-09, 3.725290298461914e-09, 0.0, 1.862645149230957e-09, 0.0, 0.0, -1.0, 0.0, 0.5, 3.259629011154175e-09, 1.862645149230957e-09, 0.0, 1.0, -3.725290298461914e-09, 0.0], [0.0, 0.0, -7.450580596923828e-09, 0.0, 0.0, 9.313225746154785e-10, 0.0, -1.0, -0.5, 0.0, 0.0, 0.0, 0.0, 1.0, 0.0, 0.0], [0.0, 0.0, 0.0, 0.0, 0.0, 0.0, 0.0, 0.0, 0.0, 0.0, 0.0, 0.0, 0.0, 0.0, 0.0, 0.0], [0.0, 0.0, 0.0, 0.0, 0.0, 0.0, 0.0, 0.0, 0.0, 0.0, 0.0, 0.0, 0.0, 0.0, 0.0, 0.0], [0.0, 0.0, 0.0, 0.0, 0.0, 0.0, 0.0, 0.0, 0.0, 0.0, 0.0, 0.0, 0.0, 0.0, 0.0, 0.0], [0.0, 0.0, 0.0, 0.0, 0.0, 0.0, 0.0, 0.0, 0.0, 0.0, 0.0, 0.0, 0.0, 0.0, 0.0, 0.0], [0.0, 0.0, 0.0, 0.0, 0.0, 0.0, 0.0, 0.0, 0.0, 0.0, 0.0, 0.0, 0.0, 0.0, 0.0, 0.0], [0.0, 0.0, 0.0, 0.0, 0.0, 0.0, 0.0, 0.0, 0.0, 0.0, 0.0, 0.0, 0.0, 0.0, 0.0, 0.0], [0.0, 0.0, 0.0, 0.0, 0.0, 0.0, 0.0, 0.0, 0.0, 0.0, 0.0, 0.0, 0.0, 0.0, 0.0, 0.0], [0.0, 0.0, 0.0, 0.0, 0.0, 0.0, 0.0, 0.0, 0.0, 0.0, 0.0, 0.0, 0.0, 0.0, 0.0, 0.0], [0.0, 0.0, 0.0, 0.0, 0.0, 0.0, 0.0, 0.0, 0.0, 0.0, 0.0, 0.0, 0.0, 0.0, 0.0, 0.0], [0.0, 0.0, 0.0, 0.0, 0.0, 0.0, 0.0, 0.0, 0.0, 0.0, 0.0, 0.0, 0.0, 0.0, 0.0, 0.0]], [[0.0, 0.0, 0.0], [0.0, 0.0, 0.0], [0.0, 0.0, 0.0], [0.5, 0.0, 0.0], [0.0, 1.0, 0.0], [0.0, 0.0, 0.0], [0.0, 8.149072527885437e-10, 0.0], [1.0, 0.0, 0.0], [1.0, 0.0, 0.0], [-0.5, 0.0, 0.0], [0.0, 0.0, 0.0], [0.0, 0.0, 0.0], [0.0, 0.0, 0.0], [-1.0, -1.0, 1.0], [0.0, -9.313225746154785e-10, 0.0], [0.0, 0.0, 0.0]]]
biases=[[0.0, 0.0, 0.0, 0.0, 0.0, 0.0, 0.0, 0.0, 0.0, 0.0, 0.0, 0.0, 0.0, 0.0, 0.0, 0.0], [-1.0, -1.0, 0.0]]
