solver=ha_m
n_hidden_layers=1
examples_per_class=3
examples_skip=0
time_out=5
cp_total_time=0.0020470976829528808
cp_is_sat=True
cp_num_branches=698
cp_num_vars=707
mip_is_sat=True
mip_objective=4474.0
mip_bound=4474.0
mip_gap=0.0
mip_is_optimal=True
mip_num_nodes=1.0
mip_num_vars=707
cp_weights=[[[1.0, -1.0, 1.0, -1.0, 1.0, 1.0, -1.0, -1.0, -1.0, 1.0, 1.0, 1.0, -1.0, -1.0, 1.0, -1.0], [-1.0, 0.0, -1.0, -1.0, 1.0, -1.0, 1.0, 1.0, 1.0, 1.0, 0.0, 0.0, -1.0, -1.0, 0.0, 1.0], [-1.0, -1.0, 0.0, -1.0, 0.0, 0.0, 0.0, 1.0, 0.0, -1.0, -1.0, 1.0, 0.0, 1.0, 0.0, 1.0], [-1.0, -1.0, -1.0, 0.0, -1.0, -1.0, 0.0, 1.0, -1.0, 0.0, 0.0, -1.0, -1.0, 1.0, 1.0, 1.0], [-1.0, 0.0, 1.0, 1.0, 1.0, 0.0, -1.0, 0.0, 1.0, 0.0, -1.0, 1.0, 0.0, -1.0, 1.0, 0.0], [1.0, -1.0, -1.0, -1.0, 0.0, 1.0, 1.0, 0.0, -1.0, 1.0, -1.0, 1.0, -1.0, 0.0, 0.0, 1.0], [0.0, -1.0, 1.0, 1.0, 1.0, 1.0, -1.0, 1.0, -1.0, 0.0, 0.0, -1.0, 1.0, -1.0, -1.0, 0.0], [1.0, 1.0, 1.0, 1.0, -1.0, 0.0, -1.0, 0.0, 1.0, 1.0, -1.0, 1.0, 0.0, -1.0, -1.0, -1.0], [-1.0, -1.0, -1.0, 0.0, -1.0, -1.0, 0.0, -1.0, 1.0, -1.0, -1.0, 1.0, 1.0, -1.0, 0.0, -1.0], [0.0, -1.0, 0.0, -1.0, 0.0, 1.0, 0.0, -1.0, 1.0, 1.0, -1.0, -1.0, 0.0, -1.0, -1.0, 1.0], [0.0, 1.0, 0.0, 0.0, -1.0, 0.0, -1.0, 1.0, 1.0, 1.0, -1.0, -1.0, -1.0, -1.0, 0.0, 0.0], [0.0, -1.0, -1.0, 1.0, 1.0, 0.0, 1.0, 1.0, 1.0, 1.0, 1.0, 1.0, 1.0, 0.0, 1.0, 0.0], [-1.0, 0.0, -1.0, -1.0, -1.0, 1.0, 1.0, -1.0, 1.0, -1.0, 1.0, -1.0, 1.0, 0.0, -1.0, 0.0], [-1.0, -1.0, 1.0, 1.0, 0.0, 1.0, -1.0, 1.0, 0.0, -1.0, 0.0, 0.0, -1.0, 0.0, 0.0, -1.0], [1.0, -1.0, 1.0, 1.0, 1.0, 1.0, 1.0, 0.0, 0.0, -1.0, 0.0, 0.0, 1.0, -1.0, -1.0, 0.0], [0.0, 1.0, 0.0, -1.0, 1.0, 1.0, 0.0, 0.0, -1.0, 1.0, 0.0, 1.0, 1.0, 1.0, -1.0, 1.0], [0.0, 1.0, 0.0, 0.0, -1.0, 1.0, 0.0, -1.0, 1.0, 1.0, 1.0, 0.0, 0.0, 0.0, 1.0, -1.0], [-1.0, -1.0, 1.0, 1.0, 1.0, 1.0, -1.0, -1.0, 0.0, -1.0, 0.0, 0.0, -1.0, -1.0, -1.0, -1.0], [-1.0, 1.0, 1.0, -1.0, 0.0, 0.0, 0.0, 0.0, 0.0, 1.0, 1.0, 0.0, 0.0, -1.0, 0.0, -1.0], [-1.0, 1.0, -1.0, 1.0, 1.0, -1.0, 1.0, -1.0, -1.0, -1.0, -1.0, 1.0, 1.0, -1.0, -1.0, -1.0], [1.0, 1.0, 0.0, 1.0, 1.0, 1.0, 0.0, 0.0, 1.0, 1.0, -1.0, 1.0, 0.0, 1.0, 0.0, 1.0], [-1.0, -1.0, 1.0, -1.0, -1.0, 0.0, -1.0, 1.0, 1.0, 1.0, 1.0, -1.0, 1.0, 0.0, 0.0, 1.0], [1.0, 1.0, -1.0, -1.0, 1.0, -1.0, -1.0, 1.0, 1.0, 1.0, 1.0, 1.0, 1.0, -1.0, -1.0, 0.0], [1.0, 1.0, 1.0, 0.0, 1.0, -1.0, 1.0, 0.0, 0.0, -1.0, 1.0, 1.0, 1.0, 0.0, 1.0, -1.0], [0.0, 0.0, 0.0, -1.0, 1.0, 1.0, 0.0, 1.0, -1.0, 0.0, 1.0, 1.0, 1.0, 1.0, 0.0, -1.0], [0.0, 0.0, -1.0, -1.0, -1.0, 0.0, 0.0, 0.0, -1.0, -1.0, 0.0, 0.0, -1.0, 1.0, 0.0, 1.0], [1.0, 0.0, -1.0, 0.0, -1.0, 1.0, 0.0, 1.0, 1.0, -1.0, -1.0, 1.0, 1.0, 1.0, 0.0, -1.0], [0.0, -1.0, 1.0, 1.0, 1.0, 0.0, -1.0, 1.0, 1.0, -1.0, 1.0, -1.0, -1.0, -1.0, -1.0, -1.0], [1.0, 1.0, 1.0, -1.0, -1.0, -1.0, -1.0, 0.0, 0.0, -1.0, 0.0, -1.0, -1.0, 1.0, 0.0, -1.0], [-1.0, 1.0, 0.0, -1.0, 0.0, 1.0, 0.0, 1.0, -1.0, -1.0, 0.0, 1.0, 0.0, 1.0, -1.0, -1.0], [0.0, 1.0, -1.0, -1.0, 1.0, -1.0, 1.0, 1.0, 0.0, -1.0, 1.0, 1.0, -1.0, 1.0, 0.0, -1.0], [-1.0, -1.0, -1.0, 1.0, -1.0, -1.0, 0.0, 1.0, 0.0, -1.0, 0.0, -1.0, 0.0, 0.0, 0.0, -1.0], [1.0, -1.0, 0.0, -1.0, 1.0, 0.0, 1.0, -1.0, -1.0, 0.0, 0.0, -1.0, 0.0, 1.0, 0.0, -1.0], [-1.0, 0.0, 0.0, 1.0, 0.0, 1.0, 0.0, 1.0, -1.0, 0.0, -1.0, 1.0, 1.0, -1.0, 0.0, -1.0], [-1.0, 0.0, -1.0, 0.0, 1.0, 0.0, 1.0, -1.0, 0.0, 1.0, 1.0, 0.0, 1.0, 1.0, 1.0, 1.0], [-1.0, 1.0, 0.0, 1.0, 0.0, 1.0, 0.0, -1.0, 1.0, 1.0, -1.0, 1.0, 0.0, -1.0, 0.0, 1.0], [-1.0, 1.0, 1.0, -1.0, 0.0, -1.0, 1.0, -1.0, 1.0, 1.0, -1.0, 0.0, 1.0, 0.0, -1.0, 1.0], [1.0, -1.0, -1.0, -1.0, 0.0, 1.0, 0.0, 0.0, -1.0, -1.0, 0.0, 1.0, -1.0, 0.0, -1.0, -1.0], [-1.0, 0.0, 1.0, 0.0, 1.0, -1.0, -1.0, -1.0, 1.0, 1.0, 0.0, 1.0, 0.0, 1.0, 0.0, 0.0], [0.0, 0.0, -1.0, 1.0, -1.0, 1.0, 0.0, 0.0, -1.0, -1.0, 1.0, 1.0, 1.0, -1.0, -1.0, 0.0], [0.0, 0.0, 0.0, 0.0, 0.0, 0.0, 0.0, 0.0, 0.0, 0.0, 0.0, 0.0, 0.0, 0.0, 0.0, 0.0], [0.0, 0.0, 0.0, 0.0, 0.0, 0.0, 0.0, 0.0, 0.0, 0.0, 0.0, 0.0, 0.0, 0.0, 0.0, 0.0], [0.0, 0.0, 0.0, 0.0, 0.0, 0.0, 0.0, 0.0, 0.0, 0.0, 0.0, 0.0, 0.0, 0.0, 0.0, 0.0], [0.0, 0.0, 0.0, 0.0, 0.0, 0.0, 0.0, 0.0, 0.0, 0.0, 0.0, 0.0, 0.0, 0.0, 0.0, 0.0], [0.0, 0.0, 0.0, 0.0, 0.0, 0.0, 0.0, 0.0, 0.0, 0.0, 0.0, 0.0, 0.0, 0.0, 0.0, 0.0], [0.0, 0.0, 0.0, 0.0, 0.0, 0.0, 0.0, 0.0, 0.0, 0.0, 0.0, 0.0, 0.0, 0.0, 0.0, 0.0], [0.0, 0.0, 0.0, 0.0, 0.0, 0.0, 0.0, 0.0, 0.0, 0.0, 0.0, 0.0, 0.0, 0.0, 0.0, 0.0], [0.0, 0.0, 0.0, 0.0, 0.0, 0.0, 0.0, 0.0, 0.0, 0.0, 0.0, 0.0, 0.0, 0.0, 0.0, 0.0], [0.0, 0.0, 0.0, 0.0, 0.0, 0.0, 0.0, 0.0, 0.0, 0.0, 0.0, 0.0, 0.0, 0.0, 0.0, 0.0], [0.0, 0.0, 0.0, 0.0, 0.0, 0.0, 0.0, 0.0, 0.0, 0.0, 0.0, 0.0, 0.0, 0.0, 0.0, 0.0]], [[0.0, 0.0, -1.0], [0.0, 0.0, 1.0], [0.0, 0.0, -1.0], [-1.0, -1.0, 0.0], [1.0, -1.0, -1.0], [1.0, -1.0, -1.0], [-1.0, -1.0, 0.0], [1.0, 1.0, 1.0], [1.0, 0.0, 1.0], [-1.0, 1.0, 0.0], [0.0, 0.0, 1.0], [1.0, -1.0, 0.0], [0.0, 1.0, -1.0], [1.0, 1.0, 1.0], [0.0, 0.0, 0.0], [0.0, 1.0, 1.0]]]
cp_biases=[[0.0, 0.0, 0.0, 1.0, 0.0, -1.0, 0.0, -1.0, 0.0, 1.0, 1.0, 0.0, 1.0, 1.0, 1.0, 1.0], [-1.0, 1.0, 0.0]]
total_time=0.020035843054453533
is_sat=True
train_performance=1.0
test_performance=0.671
weights=[[[-1.0, -1.0, -1.0, 1.0, 1.0, 1.0, -1.0, 1.0, 1.0, 1.0, -1.0, 1.0, -1.0, 1.0, 1.0, 1.0], [-1.0, 1.0, -1.0, 1.0, 1.0, 1.0, -1.0, 1.0, 1.0, 1.0, -1.0, 1.0, 0.0, -1.0, -1.0, 0.0], [-1.0, -1.0, -1.0, -1.0, 1.0, 1.0, 1.0, 1.0, -1.0, 1.0, -1.0, 1.0, -1.0, 1.0, 1.0, 1.0], [-1.0, 1.0, -1.0, 1.0, 1.0, 1.0, -1.0, 1.0, 1.0, 1.0, -1.0, 1.0, -1.0, -1.0, -1.0, 0.0], [-1.0, -1.0, -1.0, -1.0, 1.0, 1.0, -1.0, 1.0, -0.0, 1.0, -1.0, 1.0, 1.0, -1.0, 1.0, 1.0], [-1.0, -1.0, -1.0, -1.0, 1.0, 1.0, 1.0, 1.0, -1.0, 1.0, -1.0, 1.0, -1.0, 1.0, 1.0, 1.0], [-1.0, 1.0, 1.0, 1.0, 1.0, 1.0, -1.0, 1.0, 1.0, -1.0, 1.0, 1.0, -1.0, -1.0, 1.0, -1.0], [-1.0, 1.0, 1.0, -1.0, 1.0, -1.0, 1.0, 1.0, -1.0, 0.0, 1.0, 1.0, 0.0, 1.0, -1.0, -1.0], [-1.0, 1.0, 1.0, -1.0, 1.0, 1.0, -1.0, 1.0, -1.0, 1.0, 1.0, 1.0, 0.0, 1.0, -1.0, -1.0], [-1.0, -1.0, 1.0, 1.0, 1.0, -1.0, -1.0, 1.0, 1.0, 1.0, -1.0, 1.0, 1.0, -1.0, -1.0, -1.0], [-1.0, -1.0, -1.0, -1.0, 1.0, -1.0, 1.0, 1.0, -1.0, -1.0, -1.0, 1.0, -1.0, 1.0, -1.0, -1.0], [-1.0, -1.0, 0.0, 1.0, 1.0, 1.0, -1.0, 1.0, 1.0, 0.0, 1.0, 1.0, 1.0, -1.0, -1.0, 1.0], [-1.0, -1.0, 1.0, 1.0, 1.0, 1.0, -1.0, 1.0, 1.0, 1.0, 1.0, 1.0, 1.0, 1.0, 1.0, 1.0], [-1.0, 1.0, 1.0, 1.0, 1.0, 1.0, -1.0, 1.0, 1.0, 1.0, -1.0, 1.0, 0.0, -1.0, -1.0, -1.0], [-1.0, -1.0, 1.0, 1.0, 1.0, -1.0, -1.0, 1.0, 1.0, 1.0, -1.0, 1.0, 1.0, -1.0, -1.0, 1.0], [-1.0, -1.0, 1.0, -1.0, 1.0, 1.0, 1.0, 1.0, -1.0, 1.0, -1.0, 1.0, 1.0, 1.0, -1.0, 1.0], [-1.0, 1.0, 1.0, -1.0, 1.0, 1.0, -1.0, 1.0, 1.0, -1.0, -1.0, 1.0, -1.0, 1.0, 1.0, -1.0], [-1.0, -1.0, 1.0, 1.0, 1.0, 1.0, 0.0, 1.0, 1.0, 1.0, -1.0, 1.0, 1.0, -1.0, 1.0, 1.0], [-1.0, -1.0, -1.0, -1.0, 1.0, -1.0, 1.0, 1.0, -1.0, -1.0, 1.0, 1.0, 1.0, 1.0, 0.0, -1.0], [-1.0, -1.0, 1.0, 1.0, 1.0, -1.0, -1.0, 1.0, -1.0, -1.0, 1.0, 1.0, -1.0, -1.0, -1.0, -1.0], [-1.0, -1.0, -1.0, 1.0, 1.0, 1.0, -1.0, 1.0, 1.0, -1.0, 1.0, 1.0, 1.0, 0.0, 1.0, 1.0], [-1.0, -1.0, 1.0, -1.0, 1.0, -1.0, 1.0, 1.0, 1.0, -1.0, -1.0, 1.0, 1.0, -1.0, 1.0, -0.0], [-1.0, 1.0, -1.0, -1.0, 1.0, -1.0, 1.0, 1.0, -1.0, -1.0, 1.0, 1.0, 1.0, -1.0, -1.0, -1.0], [-1.0, -1.0, -1.0, -1.0, 1.0, -1.0, 1.0, 1.0, 1.0, -1.0, 1.0, 1.0, 1.0, 0.0, 0.0, -1.0], [-1.0, 1.0, -1.0, 0.0, 1.0, 1.0, -1.0, 1.0, -1.0, -1.0, 1.0, 1.0, -1.0, 0.0, 1.0, -1.0], [-1.0, 1.0, -1.0, -1.0, 1.0, -1.0, -1.0, 1.0, 0.0, -1.0, 1.0, 1.0, -1.0, 1.0, 1.0, -1.0], [-1.0, -1.0, -1.0, 0.0, 1.0, -1.0, 1.0, 1.0, 1.0, -1.0, 1.0, 1.0, 1.0, 1.0, 1.0, -1.0], [-1.0, 1.0, -1.0, 1.0, 1.0, -1.0, 1.0, 1.0, -1.0, -1.0, 1.0, 1.0, -1.0, 1.0, -1.0, -1.0], [-1.0, -1.0, -1.0, 0.0, 1.0, -1.0, 0.0, 1.0, -1.0, -1.0, 1.0, 1.0, 1.0, 1.0, -1.0, -1.0], [-1.0, -1.0, -1.0, -1.0, 1.0, -1.0, 1.0, 1.0, -1.0, -1.0, 1.0, 1.0, 1.0, 1.0, 0.0, -1.0], [-1.0, -1.0, -1.0, -1.0, 1.0, -1.0, 1.0, 1.0, -1.0, -1.0, 1.0, 1.0, 1.0, 1.0, -1.0, -1.0], [-1.0, -1.0, -1.0, -1.0, 1.0, -1.0, 1.0, 1.0, -1.0, -1.0, 1.0, 1.0, 1.0, 1.0, -1.0, -1.0], [-1.0, -1.0, -1.0, -1.0, 1.0, -1.0, 1.0, 1.0, -1.0, -1.0, 1.0, 1.0, 1.0, 1.0, -1.0, -1.0], [-1.0, -1.0, -1.0, -1.0, 1.0, -1.0, 1.0, 1.0, -1.0, -1.0, 1.0, 1.0, 1.0, 1.0, -1.0, -1.0], [-1.0, -1.0, -1.0, 1.0, 1.0, -1.0, -1.0, 1.0, 1.0, -1.0, 1.0, 1.0, 1.0, -1.0, -1.0, -1.0], [-1.0, -1.0, -1.0, 1.0, 1.0, -1.0, -1.0, 1.0, 1.0, -1.0, 1.0, 1.0, 1.0, -1.0, -1.0, -1.0], [-1.0, -1.0, -1.0, 1.0, 1.0, -1.0, -1.0, 1.0, 1.0, -1.0, 1.0, 1.0, 1.0, -1.0, -1.0, -1.0], [-1.0, -1.0, -1.0, 1.0, 1.0, -1.0, -1.0, 1.0, 1.0, -1.0, 1.0, 1.0, 1.0, -1.0, -1.0, -1.0], [-1.0, -1.0, -1.0, 1.0, 1.0, -1.0, -1.0, 1.0, 1.0, -1.0, 1.0, 1.0, 1.0, -1.0, -1.0, -1.0], [-1.0, -1.0, -1.0, 1.0, 1.0, -1.0, -1.0, 1.0, 1.0, -1.0, 1.0, 1.0, 1.0, -1.0, -1.0, -1.0], [0.0, 0.0, 0.0, 0.0, 0.0, 0.0, 0.0, 0.0, 0.0, 0.0, 0.0, 0.0, 0.0, 0.0, 0.0, 0.0], [0.0, 0.0, 0.0, 0.0, 0.0, 0.0, 0.0, 0.0, 0.0, 0.0, 0.0, 0.0, 0.0, 0.0, 0.0, 0.0], [0.0, 0.0, 0.0, 0.0, 0.0, 0.0, 0.0, 0.0, 0.0, 0.0, 0.0, 0.0, 0.0, 0.0, 0.0, 0.0], [0.0, 0.0, 0.0, 0.0, 0.0, 0.0, 0.0, 0.0, 0.0, 0.0, 0.0, 0.0, 0.0, 0.0, 0.0, 0.0], [0.0, 0.0, 0.0, 0.0, 0.0, 0.0, 0.0, 0.0, 0.0, 0.0, 0.0, 0.0, 0.0, 0.0, 0.0, 0.0], [0.0, 0.0, 0.0, 0.0, 0.0, 0.0, 0.0, 0.0, 0.0, 0.0, 0.0, 0.0, 0.0, 0.0, 0.0, 0.0], [0.0, 0.0, 0.0, 0.0, 0.0, 0.0, 0.0, 0.0, 0.0, 0.0, 0.0, 0.0, 0.0, 0.0, 0.0, 0.0], [0.0, 0.0, 0.0, 0.0, 0.0, 0.0, 0.0, 0.0, 0.0, 0.0, 0.0, 0.0, 0.0, 0.0, 0.0, 0.0], [0.0, 0.0, 0.0, 0.0, 0.0, 0.0, 0.0, 0.0, 0.0, 0.0, 0.0, 0.0, 0.0, 0.0, 0.0, 0.0], [0.0, 0.0, 0.0, 0.0, 0.0, 0.0, 0.0, 0.0, 0.0, 0.0, 0.0, 0.0, 0.0, 0.0, 0.0, 0.0]], [[-1.0, -1.0, -1.0], [-1.0, -1.0, 1.0], [-1.0, 0.0, -1.0], [0.0, -1.0, 0.0], [1.0, 1.0, 1.0], [1.0, -1.0, -1.0], [-1.0, 1.0, 1.0], [1.0, 1.0, 1.0], [-1.0, -1.0, -1.0], [1.0, 1.0, -1.0], [0.0, -1.0, 1.0], [1.0, -1.0, 0.0], [1.0, 1.0, 0.0], [1.0, 1.0, 1.0], [-1.0, 1.0, 1.0], [-1.0, 1.0, 0.0]]]
biases=[[-1.0, -1.0, -1.0, 0.0, 1.0, -1.0, 1.0, 1.0, -1.0, 1.0, -1.0, 1.0, -1.0, 0.0, 0.0, 1.0], [1.0, 1.0, 1.0]]
