solver=mip_m
n_hidden_layers=1
examples_per_class=3
examples_skip=0
time_out=5
objective=1500347.993
bound=1500496.7612778766
gap=9.91558482236359e-05
is_optimal=True
num_nodes=319963.0
num_vars=1427
total_time=4.190287192662557
is_sat=True
train_performance=0.6666667
test_performance=0.393
weights=[[[0.0, 0.0, 1.0, 0.0, 0.0, 0.0, 0.0, -1.0, -1.0, 0.0, 0.0, 0.0, -1.0, 0.0, 0.0, 0.0], [0.0, 1.0, 1.0, 1.0, 0.0, 0.0, -1.0, 1.0, 0.0, 1.0, 0.0, 1.0, 1.0, -1.0, 1.0, 0.0], [0.0, 0.0, -1.0, 1.0, -1.0, 0.0, -1.0, -1.0, 1.0, 0.0, 1.0, 0.0, -1.0, 1.0, -1.0, -1.0], [1.0, 1.0, 0.0, 0.0, 0.0, 0.0, -1.0, -1.0, 0.0, 1.0, 0.0, 0.0, 1.0, 1.0, 1.0, 0.0], [0.0, -1.0, -1.0, -1.0, 0.0, 0.0, 1.0, 1.0, 1.0, -1.0, 0.0, 0.0, 0.0, 0.0, 0.0, 0.0], [0.0, 0.0, 1.0, -1.0, 1.0, 0.0, 1.0, -1.0, -1.0, 0.0, -1.0, 0.0, 1.0, -1.0, 1.0, 1.0], [0.0, -1.0, 1.0, 0.0, -1.0, 1.0, 1.0, -1.0, -1.0, 1.0, -1.0, 0.0, -1.0, 1.0, -1.0, 1.0], [-1.0, -1.0, 1.0, 0.0, 1.0, 0.0, 1.0, 1.0, 0.0, -1.0, 0.0, -1.0, -1.0, 0.0, -1.0, 0.0], [0.0, 1.0, -1.0, -1.0, 1.0, 0.0, 0.0, 1.0, 0.0, -1.0, 1.0, -1.0, -1.0, -1.0, 1.0, 0.0], [0.0, 0.0, -1.0, 1.0, -1.0, -1.0, -1.0, 1.0, -1.0, -1.0, 1.0, 0.0, 1.0, 0.0, 0.0, -1.0], [-1.0, 1.0, 0.0, -1.0, 1.0, 0.0, 1.0, 1.0, 0.0, 0.0, -1.0, -1.0, 1.0, -1.0, -1.0, 1.0], [-1.0, -1.0, -1.0, 0.0, -1.0, 1.0, 1.0, 1.0, 1.0, -1.0, -1.0, 1.0, 0.0, -1.0, -1.0, 1.0], [0.0, 1.0, 1.0, -1.0, 1.0, -1.0, 1.0, 1.0, -1.0, -1.0, 0.0, -1.0, 0.0, -1.0, 0.0, -1.0], [1.0, 0.0, -1.0, -1.0, 1.0, -1.0, -1.0, -1.0, 0.0, 1.0, -1.0, -1.0, -1.0, 1.0, 1.0, 0.0], [0.0, 0.0, 0.0, 1.0, -1.0, 1.0, -1.0, 1.0, 1.0, 0.0, 1.0, 1.0, -1.0, 1.0, -1.0, 0.0], [1.0, -1.0, 0.0, 1.0, 0.0, 1.0, 1.0, 1.0, -1.0, 1.0, 0.0, 1.0, 1.0, 1.0, -1.0, -1.0], [0.0, 0.0, 0.0, -1.0, 0.0, 1.0, -1.0, -1.0, 1.0, -1.0, 0.0, 1.0, 1.0, 1.0, 0.0, 0.0], [-1.0, 1.0, 1.0, 0.0, 0.0, -1.0, -1.0, 1.0, 1.0, 1.0, 0.0, 0.0, 1.0, -1.0, 1.0, 1.0], [1.0, 0.0, 0.0, 0.0, -1.0, 1.0, 0.0, 1.0, -1.0, 1.0, 1.0, 1.0, -1.0, 0.0, 0.0, -1.0], [1.0, 0.0, 1.0, 1.0, 0.0, -1.0, 1.0, -1.0, -1.0, 0.0, 1.0, 0.0, -1.0, -1.0, 1.0, -1.0], [-1.0, 1.0, -1.0, 1.0, 1.0, -1.0, -1.0, 1.0, -1.0, 1.0, 0.0, 0.0, 1.0, 1.0, -1.0, -1.0], [0.0, -1.0, -1.0, -1.0, -1.0, 1.0, -1.0, 1.0, -1.0, -1.0, 0.0, 0.0, 0.0, 1.0, 1.0, 1.0], [-1.0, 1.0, 0.0, 0.0, 0.0, -1.0, 1.0, 0.0, 1.0, -1.0, -1.0, 0.0, 0.0, 0.0, -1.0, -1.0], [0.0, -1.0, 1.0, 1.0, 1.0, 0.0, 1.0, 1.0, 0.0, 1.0, 0.0, -1.0, -1.0, -1.0, -1.0, 0.0], [0.0, 1.0, 0.0, -1.0, 1.0, -1.0, 1.0, -1.0, -1.0, -1.0, -1.0, -1.0, -1.0, 1.0, -1.0, -1.0], [1.0, 0.0, 1.0, -1.0, 1.0, -1.0, -1.0, 1.0, -1.0, -1.0, 1.0, 1.0, 1.0, -1.0, 1.0, 1.0], [1.0, 0.0, 1.0, 0.0, -1.0, 1.0, 1.0, 1.0, 1.0, -1.0, -1.0, -1.0, -1.0, 0.0, -1.0, -1.0], [-1.0, -1.0, -1.0, -1.0, -1.0, 1.0, -1.0, 1.0, 0.0, -1.0, 1.0, 0.0, 1.0, 1.0, -1.0, -1.0], [-1.0, -1.0, -1.0, 1.0, 0.0, -1.0, -1.0, 1.0, 1.0, 1.0, 1.0, -1.0, 1.0, 0.0, 1.0, 1.0], [0.0, 0.0, -1.0, 1.0, -1.0, 0.0, 1.0, 1.0, 0.0, 1.0, 1.0, -1.0, -1.0, -1.0, -1.0, 1.0], [0.0, 1.0, 1.0, 1.0, -1.0, 1.0, -1.0, 1.0, 1.0, 1.0, -1.0, 1.0, 0.0, -1.0, 1.0, 0.0], [1.0, 0.0, 1.0, 1.0, 0.0, 1.0, -1.0, 1.0, -1.0, 1.0, 0.0, 1.0, 1.0, 1.0, 1.0, 1.0], [0.0, 1.0, -1.0, -1.0, 0.0, 0.0, -1.0, 1.0, 0.0, 1.0, -1.0, 0.0, -1.0, 1.0, -1.0, 0.0], [0.0, -1.0, -1.0, -1.0, 1.0, -1.0, 1.0, 1.0, 0.0, -1.0, 0.0, 1.0, 0.0, 1.0, 1.0, -1.0], [-1.0, -1.0, 1.0, -1.0, 0.0, 1.0, 1.0, 1.0, 1.0, 0.0, 0.0, -1.0, 1.0, 1.0, -1.0, 1.0], [-1.0, 1.0, 0.0, 0.0, 1.0, -1.0, 1.0, 1.0, 1.0, 1.0, 1.0, -1.0, 1.0, 1.0, 0.0, 0.0], [0.0, 0.0, -1.0, -1.0, 1.0, 1.0, 1.0, 1.0, -1.0, -1.0, 1.0, -1.0, -1.0, -1.0, -1.0, -1.0], [-1.0, -1.0, -1.0, 1.0, 1.0, -1.0, -1.0, 1.0, 0.0, -1.0, -1.0, 1.0, -1.0, -1.0, -1.0, -1.0], [1.0, 1.0, 1.0, -1.0, 1.0, -1.0, 1.0, 1.0, -1.0, 1.0, 0.0, -1.0, -1.0, -1.0, -1.0, 1.0], [-1.0, 0.0, -1.0, 0.0, 0.0, 1.0, 1.0, 1.0, 1.0, 0.0, -1.0, 1.0, 1.0, -1.0, 1.0, 1.0], [0.0, 0.0, 0.0, 0.0, 0.0, 0.0, 0.0, 0.0, 0.0, 0.0, 0.0, 0.0, 0.0, 0.0, 0.0, 0.0], [0.0, 0.0, 0.0, 0.0, 0.0, 0.0, 0.0, 0.0, 0.0, 0.0, 0.0, 0.0, 0.0, 0.0, 0.0, 0.0], [0.0, 0.0, 0.0, 0.0, 0.0, 0.0, 0.0, 0.0, 0.0, 0.0, 0.0, 0.0, 0.0, 0.0, 0.0, 0.0], [0.0, 0.0, 0.0, 0.0, 0.0, 0.0, 0.0, 0.0, 0.0, 0.0, 0.0, 0.0, 0.0, 0.0, 0.0, 0.0], [0.0, 0.0, 0.0, 0.0, 0.0, 0.0, 0.0, 0.0, 0.0, 0.0, 0.0, 0.0, 0.0, 0.0, 0.0, 0.0], [0.0, 0.0, 0.0, 0.0, 0.0, 0.0, 0.0, 0.0, 0.0, 0.0, 0.0, 0.0, 0.0, 0.0, 0.0, 0.0], [0.0, 0.0, 0.0, 0.0, 0.0, 0.0, 0.0, 0.0, 0.0, 0.0, 0.0, 0.0, 0.0, 0.0, 0.0, 0.0], [0.0, 0.0, 0.0, 0.0, 0.0, 0.0, 0.0, 0.0, 0.0, 0.0, 0.0, 0.0, 0.0, 0.0, 0.0, 0.0], [0.0, 0.0, 0.0, 0.0, 0.0, 0.0, 0.0, 0.0, 0.0, 0.0, 0.0, 0.0, 0.0, 0.0, 0.0, 0.0], [0.0, 0.0, 0.0, 0.0, 0.0, 0.0, 0.0, 0.0, 0.0, 0.0, 0.0, 0.0, 0.0, 0.0, 0.0, 0.0]], [[0.0, 1.0, 0.0], [0.0, -1.0, 0.0], [0.0, 1.0, 0.0], [-1.0, -1.0, -1.0], [-1.0, 1.0, -1.0], [0.0, -1.0, 0.0], [0.0, 1.0, 0.0], [1.0, 1.0, 1.0], [1.0, -1.0, 1.0], [-1.0, 1.0, -1.0], [1.0, 1.0, 1.0], [1.0, -1.0, 1.0], [-1.0, 1.0, -1.0], [1.0, 1.0, 1.0], [-1.0, -1.0, -1.0], [1.0, -1.0, 1.0]]]
biases=[[1.0, -1.0, -1.0, 1.0, -1.0, 1.0, -1.0, 1.0, -1.0, -1.0, 1.0, 0.0, -1.0, 1.0, -1.0, -1.0], [-1.0, 0.0, -1.0]]
