solver=ha_w
n_hidden_layers=1
examples_per_class=1
examples_skip=0
time_out=5
cp_total_time=0.0009462793668111165
cp_is_sat=True
cp_num_branches=605
cp_num_vars=611
mip_is_sat=True
mip_objective=20.0
mip_bound=20.0
mip_gap=0.0
mip_is_optimal=True
mip_num_nodes=0.0
mip_num_vars=1833
cp_weights=[[[0.0, 0.0, 0.0, 1.0, 1.0, 0.0, 1.0, 1.0, 0.0, -1.0, -1.0, 1.0, -1.0, 0.0, -1.0, 1.0], [-1.0, 1.0, 1.0, 0.0, 0.0, -1.0, -1.0, 0.0, -1.0, -1.0, 0.0, -1.0, -1.0, 1.0, -1.0, -1.0], [0.0, 0.0, 1.0, 1.0, -1.0, 0.0, 1.0, 1.0, 1.0, -1.0, -1.0, -1.0, -1.0, 0.0, -1.0, -1.0], [1.0, 1.0, -1.0, -1.0, 1.0, 0.0, -1.0, 1.0, 1.0, -1.0, 0.0, 0.0, 0.0, -1.0, 1.0, -1.0], [1.0, 1.0, -1.0, 0.0, 0.0, 0.0, 1.0, 0.0, -1.0, 0.0, -1.0, 0.0, 1.0, -1.0, -1.0, -1.0], [1.0, -1.0, -1.0, 1.0, -1.0, 0.0, 0.0, -1.0, 1.0, 0.0, 0.0, 1.0, 1.0, 1.0, 1.0, 0.0], [1.0, -1.0, 1.0, -1.0, -1.0, -1.0, 0.0, 0.0, -1.0, -1.0, 0.0, 0.0, 0.0, -1.0, 0.0, 0.0], [0.0, 0.0, 0.0, -1.0, 1.0, 0.0, 1.0, 1.0, 0.0, 1.0, 1.0, 1.0, 1.0, -1.0, 0.0, 0.0], [0.0, 0.0, 1.0, -1.0, 1.0, -1.0, 1.0, -1.0, -1.0, 1.0, 1.0, 0.0, 0.0, 1.0, 0.0, 0.0], [0.0, -1.0, 0.0, 0.0, 1.0, 1.0, -1.0, -1.0, 1.0, 0.0, -1.0, -1.0, -1.0, -1.0, -1.0, 1.0], [1.0, 0.0, -1.0, 1.0, -1.0, 1.0, -1.0, -1.0, -1.0, 0.0, 0.0, 1.0, 1.0, 1.0, 1.0, 0.0], [0.0, 0.0, 0.0, -1.0, -1.0, -1.0, 1.0, 1.0, 0.0, 1.0, 0.0, -1.0, 0.0, -1.0, 0.0, -1.0], [1.0, -1.0, 0.0, 0.0, -1.0, 1.0, 0.0, 1.0, 1.0, 1.0, 0.0, 0.0, 0.0, 1.0, -1.0, -1.0], [1.0, 0.0, 1.0, 0.0, 1.0, 1.0, -1.0, 0.0, -1.0, 1.0, -1.0, 1.0, 1.0, -1.0, -1.0, -1.0], [0.0, -1.0, 0.0, 1.0, -1.0, 0.0, 0.0, 0.0, 1.0, 1.0, 0.0, -1.0, -1.0, -1.0, 1.0, 1.0], [0.0, -1.0, 1.0, 0.0, -1.0, 0.0, 0.0, 0.0, 0.0, 1.0, -1.0, 1.0, 1.0, -1.0, 0.0, 0.0], [1.0, -1.0, 0.0, 0.0, 0.0, 1.0, 0.0, 1.0, 0.0, 0.0, 0.0, 1.0, 0.0, 1.0, 1.0, -1.0], [0.0, 0.0, 1.0, 0.0, 0.0, -1.0, 0.0, 1.0, -1.0, 0.0, 0.0, 1.0, 1.0, -1.0, -1.0, -1.0], [0.0, 0.0, 1.0, 1.0, -1.0, 0.0, -1.0, -1.0, -1.0, 0.0, -1.0, 1.0, 0.0, 0.0, 1.0, -1.0], [-1.0, -1.0, -1.0, 0.0, 0.0, 1.0, 0.0, 1.0, -1.0, 1.0, -1.0, 1.0, 1.0, 0.0, 0.0, 0.0], [0.0, 1.0, 0.0, -1.0, 1.0, -1.0, -1.0, 0.0, -1.0, 1.0, 1.0, -1.0, 1.0, 1.0, 0.0, -1.0], [1.0, 1.0, 1.0, -1.0, 1.0, -1.0, 0.0, -1.0, 0.0, -1.0, 0.0, -1.0, -1.0, 0.0, 1.0, 0.0], [1.0, -1.0, -1.0, -1.0, 1.0, 0.0, 0.0, 1.0, -1.0, 1.0, 1.0, 1.0, 0.0, -1.0, -1.0, 1.0], [0.0, -1.0, 1.0, -1.0, 1.0, 0.0, 0.0, -1.0, -1.0, -1.0, 1.0, 0.0, 0.0, -1.0, 0.0, 1.0], [0.0, 1.0, 0.0, -1.0, -1.0, 0.0, 1.0, 0.0, 1.0, 0.0, -1.0, -1.0, -1.0, -1.0, -1.0, -1.0], [0.0, -1.0, -1.0, -1.0, 0.0, -1.0, 0.0, -1.0, 0.0, 0.0, 1.0, 1.0, 1.0, 0.0, -1.0, 0.0], [-1.0, 0.0, 0.0, 1.0, 0.0, 0.0, -1.0, 0.0, -1.0, -1.0, 1.0, 1.0, -1.0, -1.0, 1.0, 0.0], [-1.0, 1.0, 0.0, 0.0, -1.0, 0.0, -1.0, 0.0, 1.0, 0.0, 0.0, 1.0, 1.0, 0.0, -1.0, 1.0], [0.0, 1.0, 0.0, -1.0, -1.0, 1.0, 0.0, 0.0, 0.0, 0.0, 1.0, 1.0, 1.0, 0.0, 0.0, 0.0], [0.0, 1.0, 1.0, 0.0, 1.0, 0.0, 1.0, 0.0, 0.0, 1.0, -1.0, -1.0, -1.0, 1.0, 0.0, 1.0], [-1.0, -1.0, 0.0, 1.0, 0.0, 0.0, -1.0, 0.0, -1.0, -1.0, 1.0, -1.0, -1.0, -1.0, -1.0, -1.0], [1.0, 1.0, 1.0, 0.0, -1.0, -1.0, -1.0, -1.0, 1.0, 1.0, 1.0, -1.0, 0.0, 1.0, 1.0, 0.0], [0.0, 0.0, 1.0, 0.0, -1.0, 1.0, 1.0, -1.0, 0.0, 1.0, 1.0, 0.0, 1.0, 0.0, 0.0, -1.0], [1.0, 1.0, 1.0, 0.0, -1.0, 0.0, 0.0, 1.0, -1.0, 0.0, 1.0, 1.0, -1.0, 1.0, 0.0, 0.0], [0.0, 0.0, 0.0, 0.0, 0.0, 0.0, 0.0, 0.0, 0.0, 0.0, 0.0, 0.0, 0.0, 0.0, 0.0, 0.0], [0.0, 0.0, 0.0, 0.0, 0.0, 0.0, 0.0, 0.0, 0.0, 0.0, 0.0, 0.0, 0.0, 0.0, 0.0, 0.0], [0.0, 0.0, 0.0, 0.0, 0.0, 0.0, 0.0, 0.0, 0.0, 0.0, 0.0, 0.0, 0.0, 0.0, 0.0, 0.0], [0.0, 0.0, 0.0, 0.0, 0.0, 0.0, 0.0, 0.0, 0.0, 0.0, 0.0, 0.0, 0.0, 0.0, 0.0, 0.0], [0.0, 0.0, 0.0, 0.0, 0.0, 0.0, 0.0, 0.0, 0.0, 0.0, 0.0, 0.0, 0.0, 0.0, 0.0, 0.0], [0.0, 0.0, 0.0, 0.0, 0.0, 0.0, 0.0, 0.0, 0.0, 0.0, 0.0, 0.0, 0.0, 0.0, 0.0, 0.0], [0.0, 0.0, 0.0, 0.0, 0.0, 0.0, 0.0, 0.0, 0.0, 0.0, 0.0, 0.0, 0.0, 0.0, 0.0, 0.0], [0.0, 0.0, 0.0, 0.0, 0.0, 0.0, 0.0, 0.0, 0.0, 0.0, 0.0, 0.0, 0.0, 0.0, 0.0, 0.0], [0.0, 0.0, 0.0, 0.0, 0.0, 0.0, 0.0, 0.0, 0.0, 0.0, 0.0, 0.0, 0.0, 0.0, 0.0, 0.0], [0.0, 0.0, 0.0, 0.0, 0.0, 0.0, 0.0, 0.0, 0.0, 0.0, 0.0, 0.0, 0.0, 0.0, 0.0, 0.0], [0.0, 0.0, 0.0, 0.0, 0.0, 0.0, 0.0, 0.0, 0.0, 0.0, 0.0, 0.0, 0.0, 0.0, 0.0, 0.0], [0.0, 0.0, 0.0, 0.0, 0.0, 0.0, 0.0, 0.0, 0.0, 0.0, 0.0, 0.0, 0.0, 0.0, 0.0, 0.0], [0.0, 0.0, 0.0, 0.0, 0.0, 0.0, 0.0, 0.0, 0.0, 0.0, 0.0, 0.0, 0.0, 0.0, 0.0, 0.0], [0.0, 0.0, 0.0, 0.0, 0.0, 0.0, 0.0, 0.0, 0.0, 0.0, 0.0, 0.0, 0.0, 0.0, 0.0, 0.0], [0.0, 0.0, 0.0, 0.0, 0.0, 0.0, 0.0, 0.0, 0.0, 0.0, 0.0, 0.0, 0.0, 0.0, 0.0, 0.0], [0.0, 0.0, 0.0, 0.0, 0.0, 0.0, 0.0, 0.0, 0.0, 0.0, 0.0, 0.0, 0.0, 0.0, 0.0, 0.0]], [[-1.0, 1.0, -1.0], [-1.0, 1.0, 1.0], [0.0, 0.0, 1.0], [1.0, -1.0, 0.0], [-1.0, 0.0, 1.0], [1.0, -1.0, 0.0], [0.0, -1.0, -1.0], [0.0, -1.0, -1.0], [-1.0, -1.0, -1.0], [0.0, -1.0, 1.0], [1.0, 1.0, 0.0], [1.0, 0.0, -1.0], [0.0, 1.0, 0.0], [0.0, 1.0, 1.0], [-1.0, -1.0, 1.0], [-1.0, -1.0, -1.0]]]
cp_biases=[[0.0, -1.0, 0.0, 1.0, -1.0, -1.0, 1.0, 1.0, -1.0, 0.0, -1.0, -1.0, 0.0, 1.0, 1.0, 1.0], [-1.0, 1.0, -1.0]]
total_time=0.010790622234344483
is_sat=True
train_performance=0.33333334
test_performance=0.0165
weights=[[[0.0, -1.0, 0.0, 0.0, 0.0, 0.0, 0.0, 0.0, 0.0, 0.0, -1.0, 0.0, 0.0, 0.0, -1.0, -1.0], [0.0, 0.0, 0.0, 0.0, 0.0, 0.0, 0.0, 0.0, 0.0, 0.0, 0.0, 0.0, 0.0, 0.0, 0.0, 0.0], [0.0, 0.0, 0.0, 0.0, 0.0, 0.0, 0.0, 0.0, 0.0, 0.0, 0.0, 0.0, 0.0, 0.0, 0.0, 0.0], [0.0, 0.0, 0.0, 0.0, -1.0, 0.0, 0.0, 0.0, 0.0, 0.0, 0.0, 0.0, 0.0, 0.0, 0.0, 0.0], [0.0, 0.0, 0.0, 0.0, 0.0, 0.0, 0.0, 0.0, 0.0, 0.0, 0.0, 0.0, 0.0, 0.0, 0.0, 0.0], [0.0, 0.0, 0.0, 0.0, 0.0, 0.0, 0.0, 0.0, 0.0, 0.0, 0.0, 0.0, 0.0, 0.0, 0.0, 0.0], [0.0, 0.0, 0.0, 0.0, 0.0, 0.0, 0.0, 0.0, 0.0, 0.0, 0.0, 0.0, 0.0, 0.0, 0.0, 0.0], [0.0, 0.0, 0.0, 0.0, 0.0, 0.0, 0.0, 0.0, 0.0, 0.0, 0.0, 0.0, 0.0, 0.0, 0.0, 0.0], [0.0, 0.0, 0.0, 0.0, 0.0, 0.0, 0.0, 0.0, 0.0, 0.0, 0.0, 0.0, 0.0, 0.0, 0.0, 0.0], [0.0, 0.0, 0.0, 0.0, 0.0, 0.0, 0.0, 0.0, 0.0, 0.0, 0.0, 0.0, 0.0, 0.0, 0.0, 0.0], [0.0, 0.0, 0.0, -1.0, 0.0, 0.0, 0.0, 0.0, -1.0, 0.0, 0.0, 0.0, 0.0, -1.0, 0.0, 0.0], [0.0, 0.0, 0.0, 0.0, 0.0, 0.0, 0.0, 0.0, 0.0, 0.0, 0.0, 0.0, 0.0, 0.0, 0.0, 0.0], [0.0, 0.0, 0.0, 0.0, 0.0, 0.0, 0.0, 0.0, 0.0, 0.0, 0.0, 0.0, 0.0, 0.0, 0.0, 0.0], [0.0, 0.0, 0.0, 0.0, 0.0, 0.0, 0.0, 0.0, 0.0, 0.0, 0.0, 0.0, 0.0, 0.0, 0.0, 0.0], [0.0, 0.0, 0.0, 0.0, 0.0, 0.0, 0.0, 0.0, 0.0, 0.0, 0.0, 0.0, 0.0, 0.0, 0.0, 0.0], [0.0, 0.0, 0.0, 0.0, 0.0, 0.0, 0.0, 0.0, 0.0, 0.0, 0.0, 0.0, 0.0, 0.0, 0.0, 0.0], [0.0, 0.0, 0.0, 0.0, 0.0, 0.0, 0.0, 0.0, 0.0, 0.0, 0.0, 0.0, 0.0, 0.0, 0.0, 0.0], [0.0, 0.0, 1.0, 0.0, 0.0, 0.0, 0.0, 0.0, 0.0, 1.0, 0.0, 0.0, 1.0, 0.0, 0.0, 0.0], [0.0, 0.0, 0.0, 0.0, 0.0, 0.0, 0.0, 0.0, 0.0, 0.0, 0.0, 0.0, 0.0, 0.0, 0.0, 0.0], [0.0, 0.0, 0.0, 0.0, 0.0, 0.0, 0.0, 0.0, 0.0, 0.0, 0.0, 0.0, 0.0, 0.0, 0.0, 0.0], [0.0, 0.0, 0.0, 0.0, 0.0, 0.0, 0.0, 0.0, 0.0, 0.0, 0.0, 0.0, 0.0, 0.0, 0.0, 0.0], [0.0, 0.0, 0.0, 0.0, 0.0, 0.0, 0.0, 0.0, 0.0, 0.0, 0.0, 0.0, 0.0, 0.0, 0.0, 0.0], [0.0, 0.0, 0.0, 0.0, 0.0, 0.0, 0.0, 0.0, 0.0, 0.0, 0.0, 0.0, 0.0, 0.0, 0.0, 0.0], [0.0, 0.0, 0.0, 0.0, 0.0, 0.0, 0.0, 0.0, 0.0, 0.0, 0.0, 0.0, 0.0, 0.0, 0.0, 0.0], [0.0, 0.0, 0.0, 0.0, 0.0, 0.0, 0.0, 0.0, 0.0, 0.0, 0.0, 0.0, 0.0, 0.0, 0.0, 0.0], [0.0, 1.0, 0.0, 0.0, 0.0, 0.0, 0.0, 0.0, 0.0, 0.0, 1.0, 0.0, 0.0, 0.0, 0.0, 0.0], [0.0, 0.0, 0.0, 0.0, 0.0, 0.0, 0.0, 0.0, 0.0, 0.0, 0.0, 0.0, 0.0, 0.0, 0.0, 0.0], [0.0, 0.0, 0.0, 0.0, 0.0, 0.0, 0.0, 0.0, 0.0, 0.0, 0.0, 0.0, 0.0, 0.0, 0.0, 0.0], [0.0, 0.0, 0.0, 0.0, 0.0, 0.0, 0.0, 0.0, 0.0, 0.0, 0.0, 0.0, 0.0, 0.0, 0.0, 0.0], [0.0, 0.0, 0.0, 0.0, 0.0, 0.0, 0.0, 0.0, 0.0, 0.0, 0.0, 0.0, 0.0, 0.0, 0.0, 0.0], [0.0, 0.0, 0.0, 0.0, 0.0, 0.0, 0.0, 0.0, 0.0, 0.0, 0.0, 0.0, 0.0, 0.0, 0.0, 0.0], [0.0, 0.0, 0.0, 0.0, 0.0, 0.0, 0.0, 0.0, 0.0, 0.0, 0.0, 0.0, 0.0, 0.0, 0.0, 0.0], [0.0, 0.0, 0.0, 0.0, 0.0, 0.0, 0.0, 0.0, 0.0, 0.0, 0.0, 0.0, 0.0, 0.0, 0.0, 0.0], [0.0, 0.0, 0.0, 0.0, 0.0, 0.0, -1.0, -1.0, 0.0, 0.0, 0.0, 0.0, 0.0, 0.0, 0.0, 0.0], [0.0, 0.0, 0.0, 0.0, 0.0, 0.0, 0.0, 0.0, 0.0, 0.0, 0.0, 0.0, 0.0, 0.0, 0.0, 0.0], [0.0, 0.0, 0.0, 0.0, 0.0, 0.0, 0.0, 0.0, 0.0, 0.0, 0.0, 0.0, 0.0, 0.0, 0.0, 0.0], [0.0, 0.0, 0.0, 0.0, 0.0, 0.0, 0.0, 0.0, 0.0, 0.0, 0.0, 0.0, 0.0, 0.0, 0.0, 0.0], [0.0, 0.0, 0.0, 0.0, 0.0, 0.0, 0.0, 0.0, 0.0, 0.0, 0.0, 0.0, 0.0, 0.0, 0.0, 0.0], [0.0, 0.0, 0.0, 0.0, 0.0, 0.0, 0.0, 0.0, 0.0, 0.0, 0.0, 0.0, 0.0, 0.0, 0.0, 0.0], [0.0, 0.0, 0.0, 0.0, 0.0, 0.0, 0.0, 0.0, 0.0, 0.0, 0.0, 0.0, 0.0, 0.0, 0.0, 0.0], [0.0, 0.0, 0.0, 0.0, 0.0, 0.0, 0.0, 0.0, 0.0, 0.0, 0.0, 0.0, 0.0, 0.0, 0.0, 0.0], [0.0, 0.0, 0.0, 0.0, 0.0, 0.0, 0.0, 0.0, 0.0, 0.0, 0.0, 0.0, 0.0, 0.0, 0.0, 0.0], [0.0, 0.0, 0.0, 0.0, 0.0, 0.0, 0.0, 0.0, 0.0, 0.0, 0.0, 0.0, 0.0, 0.0, 0.0, 0.0], [0.0, 0.0, 0.0, 0.0, 0.0, 0.0, 0.0, 0.0, 0.0, 0.0, 0.0, 0.0, 0.0, 0.0, 0.0, 0.0], [0.0, 0.0, 0.0, 0.0, 0.0, 0.0, 0.0, 0.0, 0.0, 0.0, 0.0, 0.0, 0.0, 0.0, 0.0, 0.0], [0.0, 0.0, 0.0, 0.0, 0.0, 0.0, 0.0, 0.0, 0.0, 0.0, 0.0, 0.0, 0.0, 0.0, 0.0, 0.0], [0.0, 0.0, 0.0, 0.0, 0.0, 0.0, 0.0, 0.0, 0.0, 0.0, 0.0, 0.0, 0.0, 0.0, 0.0, 0.0], [0.0, 0.0, 0.0, 0.0, 0.0, 0.0, 0.0, 0.0, 0.0, 0.0, 0.0, 0.0, 0.0, 0.0, 0.0, 0.0], [0.0, 0.0, 0.0, 0.0, 0.0, 0.0, 0.0, 0.0, 0.0, 0.0, 0.0, 0.0, 0.0, 0.0, 0.0, 0.0], [0.0, 0.0, 0.0, 0.0, 0.0, 0.0, 0.0, 0.0, 0.0, 0.0, 0.0, 0.0, 0.0, 0.0, 0.0, 0.0]], [[0.0, 0.0, 0.0], [0.0, 0.0, 0.0], [0.0, 0.0, 0.0], [0.0, 0.0, 0.0], [0.0, 0.0, 0.0], [0.0, 0.0, 0.0], [0.0, 0.0, 0.0], [0.0, 0.0, -1.0], [0.0, 0.0, 0.0], [0.0, 0.0, 0.0], [0.0, 0.0, 0.0], [0.0, 0.0, 0.0], [0.0, 0.0, 0.0], [0.0, 0.0, 0.0], [0.0, 0.0, 0.0], [0.0, 0.0, 0.0]]]
biases=[[0.0, 0.0, -1.0, 0.0, 0.0, -1.0, 0.0, 0.0, 0.0, -1.0, 0.0, 0.0, -1.0, 0.0, 0.0, 0.0], [0.0, 0.0, 0.0]]
