solver=ha_w
n_hidden_layers=1
examples_per_class=3
examples_skip=0
time_out=5
cp_total_time=0.002113370100657145
cp_is_sat=True
cp_num_branches=698
cp_num_vars=707
mip_is_sat=True
mip_objective=32.0
mip_bound=32.0
mip_gap=0.0
mip_is_optimal=True
mip_num_nodes=1.0
mip_num_vars=2121
cp_weights=[[[1.0, -1.0, 1.0, -1.0, 1.0, 1.0, -1.0, -1.0, -1.0, 1.0, 1.0, 1.0, -1.0, -1.0, 1.0, -1.0], [-1.0, 0.0, -1.0, -1.0, 1.0, -1.0, 1.0, 1.0, 1.0, 1.0, 0.0, 0.0, -1.0, -1.0, 0.0, 1.0], [-1.0, -1.0, 0.0, -1.0, 0.0, 0.0, 0.0, 1.0, 0.0, -1.0, -1.0, 1.0, 0.0, 1.0, 0.0, 1.0], [-1.0, -1.0, -1.0, 0.0, -1.0, -1.0, 0.0, 1.0, -1.0, 0.0, 0.0, -1.0, -1.0, 1.0, 1.0, 1.0], [-1.0, 0.0, 1.0, 1.0, 1.0, 0.0, -1.0, 0.0, 1.0, 0.0, -1.0, 1.0, 0.0, -1.0, 1.0, 0.0], [1.0, -1.0, -1.0, -1.0, 0.0, 1.0, 1.0, 0.0, -1.0, 1.0, -1.0, 1.0, -1.0, 0.0, 0.0, 1.0], [0.0, -1.0, 1.0, 1.0, 1.0, 1.0, -1.0, 1.0, -1.0, 0.0, 0.0, -1.0, 1.0, -1.0, -1.0, 0.0], [1.0, 1.0, 1.0, 1.0, -1.0, 0.0, -1.0, 0.0, 1.0, 1.0, -1.0, 1.0, 0.0, -1.0, -1.0, -1.0], [-1.0, -1.0, -1.0, 0.0, -1.0, -1.0, 0.0, -1.0, 1.0, -1.0, -1.0, 1.0, 1.0, -1.0, 0.0, -1.0], [0.0, -1.0, 0.0, -1.0, 0.0, 1.0, 0.0, -1.0, 1.0, 1.0, -1.0, -1.0, 0.0, -1.0, -1.0, 1.0], [0.0, 1.0, 0.0, 0.0, -1.0, 0.0, -1.0, 1.0, 1.0, 1.0, -1.0, -1.0, -1.0, -1.0, 0.0, 0.0], [0.0, -1.0, -1.0, 1.0, 1.0, 0.0, 1.0, 1.0, 1.0, 1.0, 1.0, 1.0, 1.0, 0.0, 1.0, 0.0], [-1.0, 0.0, -1.0, -1.0, -1.0, 1.0, 1.0, -1.0, 1.0, -1.0, 1.0, -1.0, 1.0, 0.0, -1.0, 0.0], [-1.0, -1.0, 1.0, 1.0, 0.0, 1.0, -1.0, 1.0, 0.0, -1.0, 0.0, 0.0, -1.0, 0.0, 0.0, -1.0], [1.0, -1.0, 1.0, 1.0, 1.0, 1.0, 1.0, 0.0, 0.0, -1.0, 0.0, 0.0, 1.0, -1.0, -1.0, 0.0], [0.0, 1.0, 0.0, -1.0, 1.0, 1.0, 0.0, 0.0, -1.0, 1.0, 0.0, 1.0, 1.0, 1.0, -1.0, 1.0], [0.0, 1.0, 0.0, 0.0, -1.0, 1.0, 0.0, -1.0, 1.0, 1.0, 1.0, 0.0, 0.0, 0.0, 1.0, -1.0], [-1.0, -1.0, 1.0, 1.0, 1.0, 1.0, -1.0, -1.0, 0.0, -1.0, 0.0, 0.0, -1.0, -1.0, -1.0, -1.0], [-1.0, 1.0, 1.0, -1.0, 0.0, 0.0, 0.0, 0.0, 0.0, 1.0, 1.0, 0.0, 0.0, -1.0, 0.0, -1.0], [-1.0, 1.0, -1.0, 1.0, 1.0, -1.0, 1.0, -1.0, -1.0, -1.0, -1.0, 1.0, 1.0, -1.0, -1.0, -1.0], [1.0, 1.0, 0.0, 1.0, 1.0, 1.0, 0.0, 0.0, 1.0, 1.0, -1.0, 1.0, 0.0, 1.0, 0.0, 1.0], [-1.0, -1.0, 1.0, -1.0, -1.0, 0.0, -1.0, 1.0, 1.0, 1.0, 1.0, -1.0, 1.0, 0.0, 0.0, 1.0], [1.0, 1.0, -1.0, -1.0, 1.0, -1.0, -1.0, 1.0, 1.0, 1.0, 1.0, 1.0, 1.0, -1.0, -1.0, 0.0], [1.0, 1.0, 1.0, 0.0, 1.0, -1.0, 1.0, 0.0, 0.0, -1.0, 1.0, 1.0, 1.0, 0.0, 1.0, -1.0], [0.0, 0.0, 0.0, -1.0, 1.0, 1.0, 0.0, 1.0, -1.0, 0.0, 1.0, 1.0, 1.0, 1.0, 0.0, -1.0], [0.0, 0.0, -1.0, -1.0, -1.0, 0.0, 0.0, 0.0, -1.0, -1.0, 0.0, 0.0, -1.0, 1.0, 0.0, 1.0], [1.0, 0.0, -1.0, 0.0, -1.0, 1.0, 0.0, 1.0, 1.0, -1.0, -1.0, 1.0, 1.0, 1.0, 0.0, -1.0], [0.0, -1.0, 1.0, 1.0, 1.0, 0.0, -1.0, 1.0, 1.0, -1.0, 1.0, -1.0, -1.0, -1.0, -1.0, -1.0], [1.0, 1.0, 1.0, -1.0, -1.0, -1.0, -1.0, 0.0, 0.0, -1.0, 0.0, -1.0, -1.0, 1.0, 0.0, -1.0], [-1.0, 1.0, 0.0, -1.0, 0.0, 1.0, 0.0, 1.0, -1.0, -1.0, 0.0, 1.0, 0.0, 1.0, -1.0, -1.0], [0.0, 1.0, -1.0, -1.0, 1.0, -1.0, 1.0, 1.0, 0.0, -1.0, 1.0, 1.0, -1.0, 1.0, 0.0, -1.0], [-1.0, -1.0, -1.0, 1.0, -1.0, -1.0, 0.0, 1.0, 0.0, -1.0, 0.0, -1.0, 0.0, 0.0, 0.0, -1.0], [1.0, -1.0, 0.0, -1.0, 1.0, 0.0, 1.0, -1.0, -1.0, 0.0, 0.0, -1.0, 0.0, 1.0, 0.0, -1.0], [-1.0, 0.0, 0.0, 1.0, 0.0, 1.0, 0.0, 1.0, -1.0, 0.0, -1.0, 1.0, 1.0, -1.0, 0.0, -1.0], [-1.0, 0.0, -1.0, 0.0, 1.0, 0.0, 1.0, -1.0, 0.0, 1.0, 1.0, 0.0, 1.0, 1.0, 1.0, 1.0], [-1.0, 1.0, 0.0, 1.0, 0.0, 1.0, 0.0, -1.0, 1.0, 1.0, -1.0, 1.0, 0.0, -1.0, 0.0, 1.0], [-1.0, 1.0, 1.0, -1.0, 0.0, -1.0, 1.0, -1.0, 1.0, 1.0, -1.0, 0.0, 1.0, 0.0, -1.0, 1.0], [1.0, -1.0, -1.0, -1.0, 0.0, 1.0, 0.0, 0.0, -1.0, -1.0, 0.0, 1.0, -1.0, 0.0, -1.0, -1.0], [-1.0, 0.0, 1.0, 0.0, 1.0, -1.0, -1.0, -1.0, 1.0, 1.0, 0.0, 1.0, 0.0, 1.0, 0.0, 0.0], [0.0, 0.0, -1.0, 1.0, -1.0, 1.0, 0.0, 0.0, -1.0, -1.0, 1.0, 1.0, 1.0, -1.0, -1.0, 0.0], [0.0, 0.0, 0.0, 0.0, 0.0, 0.0, 0.0, 0.0, 0.0, 0.0, 0.0, 0.0, 0.0, 0.0, 0.0, 0.0], [0.0, 0.0, 0.0, 0.0, 0.0, 0.0, 0.0, 0.0, 0.0, 0.0, 0.0, 0.0, 0.0, 0.0, 0.0, 0.0], [0.0, 0.0, 0.0, 0.0, 0.0, 0.0, 0.0, 0.0, 0.0, 0.0, 0.0, 0.0, 0.0, 0.0, 0.0, 0.0], [0.0, 0.0, 0.0, 0.0, 0.0, 0.0, 0.0, 0.0, 0.0, 0.0, 0.0, 0.0, 0.0, 0.0, 0.0, 0.0], [0.0, 0.0, 0.0, 0.0, 0.0, 0.0, 0.0, 0.0, 0.0, 0.0, 0.0, 0.0, 0.0, 0.0, 0.0, 0.0], [0.0, 0.0, 0.0, 0.0, 0.0, 0.0, 0.0, 0.0, 0.0, 0.0, 0.0, 0.0, 0.0, 0.0, 0.0, 0.0], [0.0, 0.0, 0.0, 0.0, 0.0, 0.0, 0.0, 0.0, 0.0, 0.0, 0.0, 0.0, 0.0, 0.0, 0.0, 0.0], [0.0, 0.0, 0.0, 0.0, 0.0, 0.0, 0.0, 0.0, 0.0, 0.0, 0.0, 0.0, 0.0, 0.0, 0.0, 0.0], [0.0, 0.0, 0.0, 0.0, 0.0, 0.0, 0.0, 0.0, 0.0, 0.0, 0.0, 0.0, 0.0, 0.0, 0.0, 0.0], [0.0, 0.0, 0.0, 0.0, 0.0, 0.0, 0.0, 0.0, 0.0, 0.0, 0.0, 0.0, 0.0, 0.0, 0.0, 0.0]], [[0.0, 0.0, -1.0], [0.0, 0.0, 1.0], [0.0, 0.0, -1.0], [-1.0, -1.0, 0.0], [1.0, -1.0, -1.0], [1.0, -1.0, -1.0], [-1.0, -1.0, 0.0], [1.0, 1.0, 1.0], [1.0, 0.0, 1.0], [-1.0, 1.0, 0.0], [0.0, 0.0, 1.0], [1.0, -1.0, 0.0], [0.0, 1.0, -1.0], [1.0, 1.0, 1.0], [0.0, 0.0, 0.0], [0.0, 1.0, 1.0]]]
cp_biases=[[0.0, 0.0, 0.0, 1.0, 0.0, -1.0, 0.0, -1.0, 0.0, 1.0, 1.0, 0.0, 1.0, 1.0, 1.0, 1.0], [-1.0, 1.0, 0.0]]
total_time=0.02969624598821004
is_sat=True
train_performance=0.0
test_performance=0.0
weights=[[[0.0, 0.0, 0.0, 0.0, 0.0, 0.0, 0.0, 0.0, 0.0, 0.0, 0.0, 0.0, 0.0, 0.0, 0.0, 1.0], [0.0, 0.0, 0.0, 0.0, 0.0, 0.0, 0.0, 0.0, 0.0, 0.0, 0.0, 0.0, 0.0, 0.0, 0.0, 0.0], [0.0, 0.0, 0.0, 0.0, 0.0, 0.0, 0.0, 0.0, 0.0, 0.0, 0.0, 0.0, -1.0, 0.0, 0.0, 0.0], [0.0, 1.0, 0.0, 0.0, 0.0, 0.0, 0.0, 0.0, 0.0, 0.0, 0.0, 0.0, 0.0, 0.0, 0.0, 0.0], [-1.0, -1.0, 0.0, 0.0, 0.0, 0.0, 0.0, 0.0, 0.0, 0.0, -1.0, 0.0, 0.0, 0.0, 0.0, -0.0], [0.0, 0.0, 0.0, -1.0, 0.0, 0.0, 0.0, 0.0, -1.0, 0.0, 0.0, 0.0, 0.0, 0.0, 0.0, 0.0], [0.0, 0.0, 0.0, 0.0, 0.0, 0.0, -1.0, 0.0, 0.0, 0.0, 0.0, 0.0, 0.0, 0.0, 0.0, -0.0], [0.0, 0.0, 0.0, 0.0, 0.0, 0.0, 0.0, 0.0, 0.0, 0.0, 0.0, 0.0, 0.0, 0.0, 0.0, 0.0], [0.0, 0.0, 0.0, 0.0, 0.0, 0.0, 0.0, 0.0, 0.0, 0.0, 0.0, 0.0, 0.0, 1.0, 0.0, 0.0], [0.0, 0.0, 0.0, 0.0, 0.0, 0.0, 0.0, 0.0, 0.0, 0.0, 0.0, 0.0, 0.0, -1.0, 0.0, -0.0], [0.0, 0.0, 0.0, 0.0, 0.0, 0.0, 0.0, 0.0, 0.0, 0.0, 0.0, 0.0, 0.0, 0.0, 0.0, -0.0], [0.0, 0.0, 0.0, 0.0, 0.0, 1.0, 0.0, 0.0, 0.0, 0.0, 0.0, 0.0, 0.0, 0.0, 0.0, 0.0], [0.0, 0.0, 1.0, 1.0, 0.0, 0.0, 0.0, 0.0, 0.0, 0.0, 0.0, 0.0, 1.0, 0.0, 0.0, -0.0], [0.0, 0.0, 0.0, 0.0, 0.0, 0.0, 0.0, 0.0, 0.0, 0.0, 0.0, 0.0, 0.0, 0.0, -1.0, -0.0], [0.0, 0.0, 0.0, 0.0, 0.0, 0.0, 0.0, 0.0, 1.0, 0.0, 0.0, 0.0, 0.0, 0.0, 0.0, -0.0], [0.0, 0.0, 0.0, 0.0, 0.0, 0.0, 0.0, 0.0, 0.0, 0.0, 0.0, 0.0, 0.0, 0.0, 0.0, -0.0], [0.0, 0.0, 0.0, 0.0, 0.0, 0.0, 0.0, 0.0, 0.0, 0.0, 0.0, 0.0, 0.0, 0.0, 0.0, -1.0], [0.0, 0.0, 0.0, 0.0, 0.0, 0.0, 0.0, 0.0, 0.0, 0.0, 0.0, 0.0, 0.0, 0.0, 0.0, -0.0], [0.0, 0.0, 0.0, 0.0, 0.0, 0.0, 1.0, 0.0, 0.0, 0.0, 0.0, 0.0, 0.0, 0.0, 0.0, 0.0], [0.0, 0.0, 0.0, 0.0, 0.0, 0.0, 0.0, 0.0, 0.0, 0.0, 0.0, 0.0, 0.0, 0.0, 0.0, -0.0], [0.0, 0.0, 0.0, 0.0, 0.0, 0.0, 0.0, 0.0, 0.0, 0.0, 0.0, 0.0, 0.0, 0.0, 1.0, 0.0], [0.0, 0.0, 0.0, 0.0, 0.0, 0.0, 0.0, 0.0, 0.0, 0.0, 0.0, 0.0, 1.0, 0.0, 0.0, 0.0], [0.0, 0.0, 0.0, 0.0, 0.0, 0.0, 0.0, 0.0, 0.0, 0.0, 0.0, 0.0, 0.0, 0.0, 0.0, 0.0], [0.0, 0.0, 0.0, 0.0, 0.0, 0.0, 0.0, 0.0, 0.0, 0.0, 0.0, 0.0, 0.0, 0.0, 0.0, 0.0], [0.0, 0.0, 0.0, 0.0, 0.0, 0.0, 0.0, 0.0, 0.0, 0.0, 0.0, 0.0, 0.0, 0.0, 0.0, 0.0], [0.0, 0.0, 0.0, 0.0, 0.0, 0.0, 0.0, 0.0, 0.0, 0.0, 1.0, 0.0, 0.0, 0.0, 0.0, 0.0], [0.0, 0.0, 0.0, 0.0, 0.0, 0.0, 0.0, 0.0, 0.0, 0.0, 0.0, 0.0, 0.0, 0.0, 0.0, 0.0], [0.0, 0.0, 0.0, 0.0, 0.0, 0.0, 0.0, 0.0, 0.0, 0.0, 0.0, 0.0, 0.0, 0.0, 0.0, 0.0], [0.0, 0.0, 0.0, 0.0, 0.0, 0.0, 0.0, 0.0, 0.0, -1.0, 0.0, 0.0, 0.0, 0.0, 0.0, 0.0], [0.0, 0.0, 0.0, -1.0, 0.0, 0.0, 0.0, 0.0, 0.0, 0.0, 0.0, 0.0, 0.0, 0.0, 0.0, 0.0], [0.0, 0.0, -1.0, 0.0, 0.0, 0.0, 0.0, 0.0, 0.0, 0.0, 0.0, 0.0, 0.0, 0.0, 0.0, 0.0], [0.0, 0.0, 0.0, 0.0, 0.0, -1.0, 0.0, 0.0, 0.0, 0.0, 0.0, 0.0, 0.0, 0.0, 0.0, 0.0], [0.0, 0.0, 0.0, 0.0, 0.0, 0.0, 0.0, 0.0, 0.0, 0.0, 0.0, 0.0, 0.0, 0.0, 0.0, 0.0], [0.0, -1.0, 0.0, 0.0, 0.0, 0.0, 0.0, 0.0, 0.0, 0.0, 0.0, 0.0, 0.0, 0.0, 0.0, 0.0], [0.0, 0.0, 0.0, 0.0, 0.0, 0.0, 0.0, 0.0, 0.0, 0.0, 0.0, 0.0, 0.0, 0.0, 0.0, 0.0], [0.0, 0.0, 0.0, 0.0, 0.0, 0.0, 0.0, 0.0, 0.0, 0.0, 0.0, 0.0, 0.0, 0.0, 0.0, 0.0], [0.0, 0.0, 0.0, 0.0, 0.0, 0.0, 0.0, 0.0, 0.0, 0.0, 0.0, 0.0, 0.0, 0.0, 0.0, 0.0], [0.0, 0.0, 0.0, 0.0, 0.0, 0.0, 0.0, 0.0, 0.0, 0.0, 0.0, 0.0, 0.0, 0.0, 0.0, 0.0], [0.0, 0.0, 0.0, 0.0, 0.0, 0.0, 0.0, 0.0, 0.0, 0.0, 0.0, 0.0, 0.0, 0.0, 0.0, 0.0], [0.0, 0.0, 0.0, 0.0, 0.0, 0.0, 0.0, 0.0, 0.0, 0.0, 0.0, 0.0, 0.0, 0.0, 0.0, 0.0], [0.0, 0.0, 0.0, 0.0, 0.0, 0.0, 0.0, 0.0, 0.0, 0.0, 0.0, 0.0, 0.0, 0.0, 0.0, 0.0], [0.0, 0.0, 0.0, 0.0, 0.0, 0.0, 0.0, 0.0, 0.0, 0.0, 0.0, 0.0, 0.0, 0.0, 0.0, 0.0], [0.0, 0.0, 0.0, 0.0, 0.0, 0.0, 0.0, 0.0, 0.0, 0.0, 0.0, 0.0, 0.0, 0.0, 0.0, 0.0], [0.0, 0.0, 0.0, 0.0, 0.0, 0.0, 0.0, 0.0, 0.0, 0.0, 0.0, 0.0, 0.0, 0.0, 0.0, 0.0], [0.0, 0.0, 0.0, 0.0, 0.0, 0.0, 0.0, 0.0, 0.0, 0.0, 0.0, 0.0, 0.0, 0.0, 0.0, 0.0], [0.0, 0.0, 0.0, 0.0, 0.0, 0.0, 0.0, 0.0, 0.0, 0.0, 0.0, 0.0, 0.0, 0.0, 0.0, 0.0], [0.0, 0.0, 0.0, 0.0, 0.0, 0.0, 0.0, 0.0, 0.0, 0.0, 0.0, 0.0, 0.0, 0.0, 0.0, 0.0], [0.0, 0.0, 0.0, 0.0, 0.0, 0.0, 0.0, 0.0, 0.0, 0.0, 0.0, 0.0, 0.0, 0.0, 0.0, 0.0], [0.0, 0.0, 0.0, 0.0, 0.0, 0.0, 0.0, 0.0, 0.0, 0.0, 0.0, 0.0, 0.0, 0.0, 0.0, 0.0], [0.0, 0.0, 0.0, 0.0, 0.0, 0.0, 0.0, 0.0, 0.0, 0.0, 0.0, 0.0, 0.0, 0.0, 0.0, 0.0]], [[0.0, 0.0, 0.0], [0.0, 0.0, 0.0], [0.0, 0.0, -1.0], [0.0, 0.0, 0.0], [0.0, 0.0, 0.0], [0.0, 0.0, 0.0], [0.0, 0.0, 0.0], [0.0, 0.0, 0.0], [0.0, 0.0, 0.0], [0.0, 1.0, 0.0], [0.0, 0.0, 0.0], [0.0, 0.0, 0.0], [0.0, 1.0, 0.0], [0.0, 1.0, 0.0], [0.0, 0.0, 0.0], [0.0, 0.0, 0.0]]]
biases=[[0.0, 0.0, -1.0, 0.0, 0.0, 0.0, 0.0, 0.0, 0.0, 0.0, 0.0, 0.0, 0.0, 0.0, 0.0, 0.0], [0.0, 0.0, 0.0]]
