solver=cp_m
n_hidden_layers=0
examples_per_class=1
examples_skip=0
time_out=5
bound=510
is_optimal=True
num_branches=59
num_vars=105
objective=510
gap=0
total_time=0.000973963737487793
is_sat=True
train_performance=1.0
test_performance=0.5965
weights=[[[1.0, -1.0, 1.0], [1.0, -1.0, 1.0], [1.0, -1.0, 1.0], [1.0, -1.0, 1.0], [1.0, -1.0, 1.0], [1.0, -1.0, 1.0], [-1.0, 1.0, 0.0], [-1.0, 1.0, 1.0], [-1.0, 1.0, 1.0], [-1.0, 1.0, 1.0], [-1.0, -1.0, 1.0], [-1.0, 1.0, -1.0], [-1.0, 1.0, -1.0], [-1.0, 1.0, 1.0], [-1.0, 1.0, 1.0], [-1.0, 0.0, -1.0], [-1.0, 1.0, 1.0], [-1.0, 1.0, 1.0], [-1.0, -1.0, -1.0], [-1.0, -1.0, -1.0], [-1.0, -1.0, -1.0], [-1.0, -1.0, 1.0], [-1.0, -1.0, 1.0], [-1.0, -1.0, 1.0], [-1.0, -1.0, 1.0], [-1.0, -1.0, 0.0], [-1.0, -1.0, -1.0], [-1.0, -1.0, 1.0], [-1.0, -1.0, 1.0], [-1.0, -1.0, 1.0], [-1.0, -1.0, -1.0], [-1.0, -1.0, 1.0], [-1.0, -1.0, 0.0], [-1.0, -1.0, -1.0], [0.0, 0.0, 0.0], [0.0, 0.0, 0.0], [0.0, 0.0, 0.0], [0.0, 0.0, 0.0], [0.0, 0.0, 0.0], [0.0, 0.0, 0.0], [0.0, 0.0, 0.0], [0.0, 0.0, 0.0], [0.0, 0.0, 0.0], [0.0, 0.0, 0.0], [0.0, 0.0, 0.0], [0.0, 0.0, 0.0], [0.0, 0.0, 0.0], [0.0, 0.0, 0.0], [0.0, 0.0, 0.0], [0.0, 0.0, 0.0]]]
biases=[[1.0, -1.0, 1.0]]
