solver=gd_t
n_hidden_layers=0
examples_per_class=2
examples_skip=0
time_out=5
lr=0.001
tf_seed=2
train_performance=1.0
test_performance=0.383
total_time=0.007232558727264404
is_sat=True
weights=[[[0.0, 0.0, 0.0], [0.0, 0.0, -0.5], [0.0, -0.5, 0.0], [0.0, 0.0, 0.0], [0.0, 0.0, 0.0], [0.5, 0.0, 0.0], [0.0, 0.0, 0.0], [-0.5, 0.5, 0.0], [0.0, 0.0, 0.0], [0.0, 0.5, 0.0], [0.0, 0.0, 0.0], [0.0, 0.0, 0.0], [0.0, 0.0, 0.0], [0.0, 0.0, 0.0], [0.0, 0.5, 0.0], [-0.5, 0.0, 0.0], [0.5, 0.0, 0.0], [0.0, 0.0, 0.0], [0.0, 0.0, 0.0], [0.0, 0.0, 0.0], [-0.5, 0.0, 0.0], [0.0, 0.0, 0.0], [0.5, 0.0, 0.0], [0.0, 0.0, 0.0], [0.0, 0.0, 0.0], [0.0, 0.0, 0.0], [0.0, -0.5, 0.0], [0.0, -0.5, 0.0], [0.0, 0.0, 0.0], [0.0, 0.0, 0.0], [0.0, 0.0, 9.313225746154785e-10], [0.0, 0.0, 0.0], [0.0, 0.0, 0.0], [0.0, 0.0, 0.5], [0.0, 0.0, 0.0], [0.0, 0.0, 0.0], [0.0, 0.0, 0.4999999403953552], [0.0, 0.0, 0.0], [0.0, 0.0, 0.0], [-0.5, -0.5, 0.0], [0.0, 0.0, 0.0], [0.0, 0.0, 0.0], [0.0, 0.0, 0.0], [0.0, 0.0, 0.0], [0.0, 0.0, 0.0], [0.0, 0.0, 0.0], [0.0, 0.0, 0.0], [0.0, 0.0, 0.0], [0.0, 0.0, 0.0], [0.0, 0.0, 0.0]]]
biases=[[0.0, 0.0, 0.0]]
