solver=mip_m
n_hidden_layers=1
examples_per_class=2
examples_skip=0
time_out=5
objective=1500309.995
bound=1500459.8655301565
gap=9.989304254179729e-05
is_optimal=True
num_nodes=31502.0
num_vars=1187
total_time=0.32905571858088173
is_sat=True
train_performance=0.33333334
test_performance=0.506
weights=[[[0.0, 1.0, 1.0, -1.0, -1.0, -1.0, 0.0, -1.0, -1.0, 0.0, 0.0, 0.0, 0.0, 0.0, 0.0, 0.0], [0.0, 1.0, 1.0, 1.0, 0.0, 1.0, -1.0, 1.0, -1.0, -1.0, 0.0, -1.0, -1.0, -1.0, -1.0, 0.0], [0.0, -1.0, 1.0, 1.0, -1.0, 1.0, 1.0, 1.0, 1.0, 1.0, 0.0, -1.0, 1.0, 1.0, 1.0, 1.0], [0.0, 1.0, -1.0, 1.0, -1.0, 1.0, 0.0, 1.0, 1.0, 0.0, -1.0, -1.0, 1.0, -1.0, 0.0, -1.0], [1.0, -1.0, -1.0, 1.0, 1.0, 1.0, 0.0, 1.0, 1.0, 1.0, 1.0, 1.0, 0.0, 1.0, 1.0, 1.0], [0.0, -1.0, -1.0, -1.0, 1.0, -1.0, -1.0, -1.0, -1.0, -1.0, 0.0, 1.0, -1.0, -1.0, -1.0, -1.0], [0.0, -1.0, 1.0, 1.0, -1.0, 1.0, 1.0, 1.0, -1.0, 0.0, 0.0, -1.0, -1.0, 0.0, 0.0, -1.0], [1.0, 1.0, 0.0, 1.0, -1.0, 1.0, -1.0, 1.0, 0.0, 0.0, 1.0, 1.0, -1.0, 1.0, 1.0, -1.0], [-1.0, 1.0, 1.0, 1.0, 1.0, 1.0, 0.0, 1.0, -1.0, 1.0, 1.0, 1.0, 1.0, 0.0, 1.0, 1.0], [0.0, 1.0, -1.0, -1.0, -1.0, -1.0, -1.0, -1.0, -1.0, -1.0, 0.0, 1.0, 1.0, 1.0, -1.0, 1.0], [1.0, 1.0, -1.0, 0.0, -1.0, 0.0, -1.0, -1.0, -1.0, -1.0, 0.0, 1.0, -1.0, 1.0, -1.0, 1.0], [0.0, 1.0, -1.0, 1.0, 1.0, 1.0, 1.0, 1.0, 1.0, 0.0, 0.0, 1.0, 1.0, 1.0, 1.0, 1.0], [1.0, 1.0, -1.0, -1.0, 1.0, -1.0, 1.0, -1.0, 0.0, 0.0, 0.0, 1.0, -1.0, -1.0, 0.0, -1.0], [-1.0, 0.0, 1.0, -1.0, 1.0, -1.0, 1.0, -1.0, -1.0, 0.0, -1.0, -1.0, -1.0, -1.0, -1.0, -1.0], [-1.0, 1.0, 1.0, -1.0, 0.0, -1.0, -1.0, -1.0, 1.0, -1.0, 0.0, -1.0, 0.0, -1.0, -1.0, 1.0], [1.0, 1.0, 1.0, -1.0, -1.0, -1.0, 1.0, -1.0, 1.0, 1.0, 0.0, -1.0, 1.0, 1.0, -1.0, 1.0], [-1.0, -1.0, 1.0, -1.0, 1.0, -1.0, 1.0, 1.0, 0.0, 1.0, 1.0, 0.0, -1.0, -1.0, 1.0, 1.0], [-1.0, 1.0, -1.0, -1.0, 0.0, -1.0, -1.0, -1.0, 0.0, 0.0, -1.0, 0.0, 0.0, 0.0, 1.0, -1.0], [1.0, 1.0, 0.0, -1.0, 0.0, -1.0, 1.0, 1.0, 0.0, 1.0, -1.0, -1.0, 1.0, 0.0, 1.0, 0.0], [-1.0, -1.0, 0.0, -1.0, 0.0, -1.0, 1.0, -1.0, -1.0, -1.0, 0.0, 0.0, 0.0, 0.0, -1.0, -1.0], [1.0, 1.0, -1.0, -1.0, -1.0, -1.0, -1.0, 1.0, -1.0, 0.0, 0.0, -1.0, -1.0, 1.0, 1.0, 1.0], [-1.0, 1.0, 1.0, 1.0, 1.0, 1.0, -1.0, 1.0, -1.0, 1.0, 1.0, 1.0, 1.0, -1.0, 1.0, 0.0], [-1.0, -1.0, -1.0, 0.0, 0.0, 1.0, -1.0, 1.0, -1.0, 0.0, 1.0, 0.0, 0.0, -1.0, -1.0, -1.0], [1.0, 1.0, -1.0, 1.0, -1.0, 1.0, 0.0, 1.0, -1.0, 1.0, 1.0, 1.0, 1.0, 0.0, 0.0, 0.0], [1.0, -1.0, -1.0, -1.0, -1.0, 1.0, 1.0, -1.0, -1.0, -1.0, 1.0, 1.0, -1.0, 1.0, 0.0, 1.0], [1.0, 1.0, -1.0, 1.0, -1.0, -1.0, 0.0, -1.0, -1.0, -1.0, -1.0, 1.0, 1.0, 0.0, 1.0, -1.0], [-1.0, 1.0, 1.0, 1.0, 0.0, 0.0, 1.0, 1.0, 0.0, -1.0, 0.0, 1.0, -1.0, -1.0, 0.0, -1.0], [-1.0, 1.0, -1.0, 1.0, 1.0, 0.0, -1.0, -1.0, 1.0, 1.0, -1.0, 0.0, -1.0, 1.0, 1.0, 0.0], [-1.0, 1.0, 0.0, -1.0, -1.0, -1.0, -1.0, -1.0, 1.0, -1.0, -1.0, -1.0, 0.0, 1.0, -1.0, 1.0], [1.0, 1.0, 0.0, -1.0, 0.0, -1.0, -1.0, 0.0, 1.0, 0.0, -1.0, 0.0, 1.0, -1.0, 0.0, 1.0], [1.0, 1.0, 1.0, -1.0, 1.0, -1.0, -1.0, -1.0, 1.0, 0.0, 0.0, 0.0, 1.0, -1.0, -1.0, -1.0], [0.0, 1.0, 1.0, -1.0, 0.0, -1.0, 1.0, -1.0, 0.0, 1.0, 1.0, -1.0, 0.0, 0.0, 1.0, 0.0], [0.0, 1.0, 1.0, 0.0, 0.0, 1.0, 1.0, 1.0, 1.0, 1.0, 1.0, -1.0, -1.0, 1.0, 0.0, 0.0], [0.0, 1.0, 0.0, 1.0, 1.0, 1.0, 1.0, 1.0, 0.0, -1.0, -1.0, -1.0, -1.0, 0.0, -1.0, 1.0], [-1.0, 1.0, 0.0, 1.0, 1.0, -1.0, 1.0, 1.0, 1.0, -1.0, 0.0, 1.0, 0.0, 1.0, 0.0, 1.0], [1.0, 1.0, 1.0, 1.0, 1.0, -1.0, -1.0, 0.0, 1.0, 1.0, 1.0, 1.0, -1.0, 0.0, 1.0, -1.0], [1.0, 1.0, 0.0, 1.0, 1.0, -1.0, -1.0, -1.0, 1.0, 1.0, 0.0, 1.0, -1.0, 1.0, -1.0, 0.0], [1.0, 1.0, 1.0, -1.0, -1.0, 1.0, 1.0, 1.0, -1.0, 1.0, 1.0, -1.0, 1.0, -1.0, 1.0, 1.0], [1.0, 1.0, 1.0, -1.0, -1.0, 1.0, 0.0, 1.0, 0.0, 1.0, 0.0, -1.0, 1.0, -1.0, 1.0, 1.0], [1.0, 1.0, -1.0, -1.0, 1.0, 1.0, 1.0, 1.0, 1.0, 1.0, 1.0, 1.0, 0.0, 1.0, 1.0, 0.0], [0.0, 0.0, 0.0, 0.0, 0.0, 0.0, 0.0, 0.0, 0.0, 0.0, 0.0, 0.0, 0.0, 0.0, 0.0, 0.0], [0.0, 0.0, 0.0, 0.0, 0.0, 0.0, 0.0, 0.0, 0.0, 0.0, 0.0, 0.0, 0.0, 0.0, 0.0, 0.0], [0.0, 0.0, 0.0, 0.0, 0.0, 0.0, 0.0, 0.0, 0.0, 0.0, 0.0, 0.0, 0.0, 0.0, 0.0, 0.0], [0.0, 0.0, 0.0, 0.0, 0.0, 0.0, 0.0, 0.0, 0.0, 0.0, 0.0, 0.0, 0.0, 0.0, 0.0, 0.0], [0.0, 0.0, 0.0, 0.0, 0.0, 0.0, 0.0, 0.0, 0.0, 0.0, 0.0, 0.0, 0.0, 0.0, 0.0, 0.0], [0.0, 0.0, 0.0, 0.0, 0.0, 0.0, 0.0, 0.0, 0.0, 0.0, 0.0, 0.0, 0.0, 0.0, 0.0, 0.0], [0.0, 0.0, 0.0, 0.0, 0.0, 0.0, 0.0, 0.0, 0.0, 0.0, 0.0, 0.0, 0.0, 0.0, 0.0, 0.0], [0.0, 0.0, 0.0, 0.0, 0.0, 0.0, 0.0, 0.0, 0.0, 0.0, 0.0, 0.0, 0.0, 0.0, 0.0, 0.0], [0.0, 0.0, 0.0, 0.0, 0.0, 0.0, 0.0, 0.0, 0.0, 0.0, 0.0, 0.0, 0.0, 0.0, 0.0, 0.0], [0.0, 0.0, 0.0, 0.0, 0.0, 0.0, 0.0, 0.0, 0.0, 0.0, 0.0, 0.0, 0.0, 0.0, 0.0, 0.0]], [[0.0, 0.0, -1.0], [1.0, 1.0, 1.0], [0.0, 0.0, 1.0], [-1.0, -1.0, 1.0], [0.0, 0.0, -1.0], [-1.0, -1.0, -1.0], [-1.0, -1.0, 1.0], [0.0, 0.0, -1.0], [1.0, 1.0, -1.0], [0.0, 0.0, 0.0], [1.0, 1.0, 1.0], [1.0, 1.0, -1.0], [-1.0, -1.0, 1.0], [1.0, 1.0, 1.0], [1.0, 1.0, 1.0], [1.0, 1.0, -1.0]]]
biases=[[-1.0, 1.0, -1.0, -1.0, 1.0, -1.0, -1.0, -1.0, 0.0, 0.0, 0.0, -1.0, -1.0, 0.0, 1.0, 1.0], [1.0, 1.0, -1.0]]
