solver=ha_m
n_hidden_layers=2
examples_per_class=1
examples_skip=0
time_out=5
cp_total_time=0.00186616579691569
cp_is_sat=True
cp_num_branches=876
cp_num_vars=883
mip_is_sat=True
mip_objective=2835.0
mip_bound=2835.0
mip_gap=0.0
mip_is_optimal=True
mip_num_nodes=1.0
mip_num_vars=883
cp_weights=[[[0.0, 0.0, 0.0, -1.0, -1.0, 0.0, 0.0, -1.0, 1.0, 1.0, -1.0, 1.0, -1.0, 1.0, -1.0, 1.0], [-1.0, -1.0, -1.0, -1.0, 1.0, 1.0, 1.0, -1.0, 0.0, 0.0, 1.0, -1.0, 0.0, 0.0, 1.0, 1.0], [-1.0, 1.0, 1.0, -1.0, 1.0, 1.0, -1.0, 1.0, 1.0, 1.0, -1.0, 0.0, -1.0, 0.0, -1.0, 1.0], [-1.0, 1.0, 1.0, -1.0, 0.0, -1.0, 1.0, 1.0, -1.0, 1.0, 1.0, -1.0, -1.0, 1.0, 1.0, 1.0], [1.0, 0.0, 0.0, 1.0, 1.0, 0.0, -1.0, -1.0, -1.0, 0.0, 1.0, -1.0, 0.0, 0.0, 1.0, -1.0], [-1.0, 0.0, -1.0, -1.0, -1.0, 0.0, 0.0, 1.0, 0.0, 0.0, 0.0, 1.0, -1.0, -1.0, 1.0, 1.0], [0.0, 0.0, 1.0, -1.0, -1.0, 1.0, -1.0, -1.0, 0.0, -1.0, 1.0, 1.0, -1.0, -1.0, 0.0, 1.0], [0.0, 0.0, 1.0, 0.0, -1.0, -1.0, -1.0, 1.0, 0.0, -1.0, -1.0, 1.0, 1.0, 1.0, 0.0, 1.0], [0.0, 0.0, -1.0, -1.0, -1.0, 0.0, 1.0, -1.0, 0.0, -1.0, 1.0, 1.0, -1.0, -1.0, 1.0, 0.0], [0.0, 1.0, 0.0, -1.0, 0.0, 0.0, 1.0, 1.0, 1.0, 0.0, 0.0, -1.0, 0.0, -1.0, 0.0, -1.0], [1.0, -1.0, 0.0, 1.0, -1.0, -1.0, -1.0, 1.0, -1.0, -1.0, 0.0, -1.0, 0.0, 0.0, 0.0, 0.0], [1.0, 1.0, 0.0, 0.0, -1.0, 0.0, -1.0, 1.0, -1.0, 0.0, -1.0, 1.0, 1.0, 1.0, 1.0, 0.0], [0.0, 0.0, -1.0, -1.0, -1.0, 1.0, 1.0, -1.0, -1.0, 1.0, -1.0, -1.0, 1.0, 0.0, -1.0, 0.0], [1.0, 0.0, 0.0, 1.0, -1.0, 0.0, 0.0, 0.0, -1.0, -1.0, 1.0, 1.0, 1.0, 1.0, 1.0, 0.0], [0.0, -1.0, 1.0, 1.0, 1.0, -1.0, -1.0, 1.0, 1.0, 0.0, 0.0, 1.0, 0.0, 0.0, -1.0, 1.0], [0.0, 0.0, 0.0, 1.0, -1.0, 1.0, 0.0, 1.0, -1.0, 1.0, 0.0, -1.0, 0.0, 1.0, -1.0, 1.0], [-1.0, -1.0, -1.0, 1.0, -1.0, 0.0, 1.0, 0.0, 1.0, -1.0, -1.0, 0.0, -1.0, 1.0, 0.0, -1.0], [-1.0, 0.0, -1.0, 0.0, 0.0, 0.0, -1.0, 0.0, -1.0, 1.0, -1.0, -1.0, 1.0, 1.0, -1.0, -1.0], [-1.0, 1.0, 1.0, -1.0, -1.0, -1.0, 0.0, 1.0, -1.0, 0.0, -1.0, -1.0, -1.0, 0.0, -1.0, 0.0], [0.0, -1.0, 1.0, -1.0, -1.0, 1.0, 0.0, 0.0, -1.0, 0.0, -1.0, -1.0, 0.0, -1.0, -1.0, 0.0], [1.0, -1.0, -1.0, -1.0, 1.0, -1.0, 0.0, -1.0, -1.0, 1.0, -1.0, 1.0, 0.0, -1.0, 0.0, 1.0], [0.0, 1.0, 0.0, 0.0, -1.0, 0.0, -1.0, 0.0, 0.0, 0.0, 1.0, 0.0, 0.0, -1.0, 1.0, -1.0], [-1.0, 1.0, 1.0, 1.0, 1.0, 1.0, 0.0, -1.0, -1.0, 1.0, -1.0, 1.0, 0.0, 0.0, 1.0, -1.0], [-1.0, 1.0, 0.0, -1.0, 1.0, 0.0, 0.0, 0.0, 0.0, 0.0, 1.0, -1.0, -1.0, 0.0, 0.0, -1.0], [0.0, 1.0, 0.0, 1.0, 1.0, 1.0, 0.0, 0.0, 1.0, -1.0, 1.0, 1.0, 1.0, -1.0, 0.0, 1.0], [1.0, 1.0, -1.0, 1.0, 1.0, 1.0, -1.0, 0.0, 1.0, 1.0, 1.0, 0.0, 0.0, 1.0, 1.0, -1.0], [1.0, 0.0, 0.0, 0.0, 0.0, 1.0, 0.0, 0.0, 0.0, 1.0, 1.0, -1.0, -1.0, -1.0, 1.0, -1.0], [-1.0, 0.0, 0.0, -1.0, 1.0, 0.0, 1.0, 0.0, -1.0, 0.0, 1.0, 0.0, 0.0, -1.0, -1.0, 1.0], [0.0, 0.0, 1.0, 0.0, 1.0, 1.0, 0.0, 1.0, 1.0, -1.0, 1.0, -1.0, 1.0, -1.0, -1.0, 0.0], [-1.0, 1.0, 1.0, -1.0, -1.0, 0.0, 0.0, -1.0, 1.0, 1.0, 0.0, -1.0, -1.0, 0.0, -1.0, 0.0], [-1.0, -1.0, -1.0, -1.0, 0.0, 1.0, 0.0, 0.0, -1.0, 0.0, 0.0, -1.0, 1.0, -1.0, 0.0, -1.0], [-1.0, 0.0, -1.0, 1.0, -1.0, 1.0, 0.0, 1.0, -1.0, 0.0, -1.0, 0.0, 1.0, -1.0, 0.0, 1.0], [1.0, 0.0, -1.0, 1.0, -1.0, 0.0, 0.0, 1.0, 0.0, 0.0, 0.0, 1.0, -1.0, -1.0, 1.0, -1.0], [1.0, -1.0, -1.0, 1.0, -1.0, 1.0, -1.0, 1.0, 0.0, 0.0, 1.0, 0.0, -1.0, -1.0, 0.0, 1.0], [0.0, 0.0, 0.0, 0.0, 0.0, 0.0, 0.0, 0.0, 0.0, 0.0, 0.0, 0.0, 0.0, 0.0, 0.0, 0.0], [0.0, 0.0, 0.0, 0.0, 0.0, 0.0, 0.0, 0.0, 0.0, 0.0, 0.0, 0.0, 0.0, 0.0, 0.0, 0.0], [0.0, 0.0, 0.0, 0.0, 0.0, 0.0, 0.0, 0.0, 0.0, 0.0, 0.0, 0.0, 0.0, 0.0, 0.0, 0.0], [0.0, 0.0, 0.0, 0.0, 0.0, 0.0, 0.0, 0.0, 0.0, 0.0, 0.0, 0.0, 0.0, 0.0, 0.0, 0.0], [0.0, 0.0, 0.0, 0.0, 0.0, 0.0, 0.0, 0.0, 0.0, 0.0, 0.0, 0.0, 0.0, 0.0, 0.0, 0.0], [0.0, 0.0, 0.0, 0.0, 0.0, 0.0, 0.0, 0.0, 0.0, 0.0, 0.0, 0.0, 0.0, 0.0, 0.0, 0.0], [0.0, 0.0, 0.0, 0.0, 0.0, 0.0, 0.0, 0.0, 0.0, 0.0, 0.0, 0.0, 0.0, 0.0, 0.0, 0.0], [0.0, 0.0, 0.0, 0.0, 0.0, 0.0, 0.0, 0.0, 0.0, 0.0, 0.0, 0.0, 0.0, 0.0, 0.0, 0.0], [0.0, 0.0, 0.0, 0.0, 0.0, 0.0, 0.0, 0.0, 0.0, 0.0, 0.0, 0.0, 0.0, 0.0, 0.0, 0.0], [0.0, 0.0, 0.0, 0.0, 0.0, 0.0, 0.0, 0.0, 0.0, 0.0, 0.0, 0.0, 0.0, 0.0, 0.0, 0.0], [0.0, 0.0, 0.0, 0.0, 0.0, 0.0, 0.0, 0.0, 0.0, 0.0, 0.0, 0.0, 0.0, 0.0, 0.0, 0.0], [0.0, 0.0, 0.0, 0.0, 0.0, 0.0, 0.0, 0.0, 0.0, 0.0, 0.0, 0.0, 0.0, 0.0, 0.0, 0.0], [0.0, 0.0, 0.0, 0.0, 0.0, 0.0, 0.0, 0.0, 0.0, 0.0, 0.0, 0.0, 0.0, 0.0, 0.0, 0.0], [0.0, 0.0, 0.0, 0.0, 0.0, 0.0, 0.0, 0.0, 0.0, 0.0, 0.0, 0.0, 0.0, 0.0, 0.0, 0.0], [0.0, 0.0, 0.0, 0.0, 0.0, 0.0, 0.0, 0.0, 0.0, 0.0, 0.0, 0.0, 0.0, 0.0, 0.0, 0.0], [0.0, 0.0, 0.0, 0.0, 0.0, 0.0, 0.0, 0.0, 0.0, 0.0, 0.0, 0.0, 0.0, 0.0, 0.0, 0.0]], [[-1.0, 0.0, -1.0, -1.0, 1.0, 0.0, 1.0, 1.0, -1.0, 1.0, -1.0, 0.0, -1.0, -1.0, 0.0, -1.0], [1.0, 0.0, 1.0, -1.0, 0.0, 1.0, -1.0, -1.0, -1.0, -1.0, -1.0, 1.0, 1.0, 0.0, -1.0, -1.0], [1.0, 0.0, 1.0, -1.0, -1.0, -1.0, 0.0, 0.0, 1.0, 0.0, 1.0, 1.0, -1.0, 1.0, -1.0, -1.0], [-1.0, -1.0, 0.0, 1.0, -1.0, 0.0, -1.0, -1.0, 1.0, 0.0, -1.0, 1.0, 0.0, 1.0, 0.0, -1.0], [-1.0, 1.0, -1.0, 0.0, 1.0, 0.0, 0.0, -1.0, 1.0, -1.0, 1.0, -1.0, 1.0, 1.0, 0.0, 0.0], [0.0, 1.0, 1.0, 0.0, 1.0, 1.0, -1.0, 0.0, 0.0, 0.0, 1.0, -1.0, -1.0, 0.0, 1.0, 0.0], [1.0, 1.0, -1.0, 1.0, 1.0, -1.0, 1.0, 1.0, -1.0, 1.0, 1.0, 0.0, 0.0, -1.0, 1.0, 0.0], [1.0, 1.0, -1.0, 0.0, 0.0, -1.0, 0.0, 1.0, 0.0, -1.0, -1.0, 0.0, -1.0, -1.0, 0.0, -1.0], [-1.0, 0.0, -1.0, -1.0, 0.0, -1.0, 0.0, 1.0, 1.0, -1.0, 0.0, 1.0, 1.0, 0.0, -1.0, 1.0], [1.0, 0.0, 0.0, 1.0, 1.0, 1.0, -1.0, 0.0, 1.0, 1.0, 1.0, 1.0, -1.0, 0.0, 0.0, -1.0], [0.0, 1.0, 0.0, -1.0, 0.0, 0.0, 1.0, 1.0, -1.0, 0.0, 0.0, 1.0, -1.0, 1.0, 1.0, -1.0], [1.0, -1.0, 1.0, -1.0, 1.0, -1.0, 1.0, -1.0, 0.0, 0.0, 1.0, 0.0, 1.0, 0.0, 1.0, 0.0], [1.0, 0.0, 1.0, 0.0, -1.0, 1.0, -1.0, 0.0, 1.0, 1.0, 1.0, 1.0, -1.0, -1.0, 1.0, 0.0], [0.0, 1.0, 0.0, 0.0, 0.0, 1.0, -1.0, 1.0, 0.0, -1.0, -1.0, -1.0, 0.0, -1.0, 0.0, 1.0], [-1.0, -1.0, 1.0, -1.0, -1.0, 1.0, -1.0, -1.0, 1.0, 1.0, -1.0, -1.0, 1.0, 1.0, -1.0, 1.0], [0.0, -1.0, -1.0, 0.0, 0.0, 1.0, -1.0, 0.0, 1.0, 0.0, 0.0, 0.0, 1.0, 0.0, 1.0, -1.0]], [[1.0, 0.0, -1.0], [0.0, -1.0, 0.0], [0.0, 1.0, -1.0], [-1.0, 0.0, -1.0], [-1.0, 0.0, -1.0], [-1.0, 1.0, 1.0], [1.0, 0.0, -1.0], [1.0, -1.0, 1.0], [0.0, 0.0, 1.0], [1.0, 0.0, -1.0], [0.0, 1.0, -1.0], [1.0, 1.0, -1.0], [-1.0, 0.0, 1.0], [-1.0, 1.0, 1.0], [-1.0, 0.0, 0.0], [0.0, 1.0, 1.0]]]
cp_biases=[[-1.0, 1.0, -1.0, 0.0, -1.0, -1.0, 1.0, 1.0, 1.0, 1.0, -1.0, -1.0, 1.0, -1.0, 0.0, 1.0], [-1.0, 1.0, 0.0, -1.0, -1.0, 0.0, -1.0, -1.0, 1.0, -1.0, -1.0, -1.0, 1.0, -1.0, 1.0, 1.0], [1.0, -1.0, 1.0]]
total_time=0.00907226800918579
is_sat=True
train_performance=1.0
test_performance=0.733
weights=[[[-1.0, 1.0, 1.0, -1.0, -1.0, 1.0, -1.0, 1.0, 1.0, 1.0, -1.0, 1.0, -1.0, 1.0, -1.0, 1.0], [-1.0, 1.0, 1.0, -1.0, -1.0, 1.0, -1.0, 1.0, 1.0, 1.0, -1.0, 1.0, -1.0, 1.0, -1.0, 1.0], [-1.0, 1.0, 1.0, -1.0, -1.0, 1.0, -1.0, 1.0, 1.0, 1.0, -1.0, 1.0, -1.0, 1.0, -1.0, 1.0], [-1.0, 1.0, 1.0, -1.0, -1.0, 1.0, -1.0, 1.0, 1.0, 1.0, -1.0, 1.0, -1.0, 1.0, -1.0, 1.0], [-1.0, 1.0, 1.0, -1.0, -1.0, 1.0, -1.0, 1.0, 1.0, 1.0, -1.0, 1.0, -1.0, 1.0, -1.0, 1.0], [-1.0, 1.0, 1.0, -1.0, -1.0, 1.0, -1.0, 1.0, 1.0, 1.0, -1.0, 1.0, -1.0, 1.0, -1.0, 1.0], [-1.0, 1.0, -1.0, -1.0, -1.0, 1.0, -1.0, 1.0, -1.0, 1.0, -1.0, 1.0, -1.0, 1.0, 1.0, 1.0], [-1.0, 1.0, -1.0, -1.0, -1.0, 1.0, -1.0, 1.0, -1.0, 1.0, -1.0, 1.0, -1.0, 1.0, 1.0, 1.0], [-1.0, 1.0, -1.0, -1.0, -1.0, 1.0, -1.0, 1.0, -1.0, 1.0, -1.0, 1.0, -1.0, 1.0, 1.0, 1.0], [-1.0, 1.0, -1.0, -1.0, -1.0, 1.0, -1.0, 1.0, -1.0, 1.0, -1.0, 1.0, -1.0, 1.0, 1.0, 1.0], [-1.0, 1.0, -1.0, -1.0, -1.0, 1.0, -1.0, 1.0, -1.0, 1.0, -1.0, 1.0, -1.0, 1.0, 1.0, 1.0], [-1.0, 1.0, -1.0, -1.0, -1.0, 1.0, -1.0, 1.0, -1.0, 1.0, -1.0, 1.0, -1.0, 1.0, 1.0, 1.0], [-1.0, 1.0, -1.0, -1.0, -1.0, 1.0, -1.0, 1.0, -1.0, 1.0, -1.0, 1.0, -1.0, 1.0, 1.0, 1.0], [-1.0, 1.0, -1.0, -1.0, -1.0, 1.0, -1.0, 1.0, -1.0, 1.0, -1.0, 1.0, -1.0, 1.0, 1.0, 1.0], [-1.0, 1.0, -1.0, -1.0, -1.0, 1.0, -1.0, 1.0, -1.0, 1.0, -1.0, 1.0, -1.0, 1.0, 1.0, 1.0], [-1.0, 1.0, -1.0, -1.0, -1.0, 1.0, -1.0, 1.0, -1.0, 1.0, -1.0, 1.0, -1.0, 1.0, 1.0, 1.0], [-1.0, 1.0, -1.0, -1.0, -1.0, 1.0, -1.0, 1.0, -1.0, 1.0, -1.0, 1.0, -1.0, 1.0, 1.0, 1.0], [-1.0, 1.0, -1.0, -1.0, -1.0, 1.0, -1.0, 1.0, -1.0, 1.0, -1.0, 1.0, -1.0, 1.0, 1.0, 1.0], [-1.0, 1.0, -1.0, 1.0, -1.0, 1.0, -1.0, 1.0, -1.0, 1.0, 1.0, -1.0, -1.0, -1.0, 1.0, -1.0], [-1.0, 1.0, -1.0, 1.0, -1.0, 1.0, -1.0, 1.0, -1.0, 1.0, 1.0, -1.0, -1.0, -1.0, 1.0, -1.0], [-1.0, 1.0, -1.0, 1.0, -1.0, 1.0, -1.0, 1.0, -1.0, 1.0, 1.0, -1.0, -1.0, -1.0, 1.0, -1.0], [-1.0, 1.0, -1.0, 1.0, -1.0, 1.0, -1.0, 1.0, -1.0, 1.0, 1.0, -1.0, -1.0, -1.0, 1.0, -1.0], [-1.0, 1.0, -1.0, 1.0, -1.0, 1.0, -1.0, 1.0, -1.0, 1.0, 1.0, -1.0, -1.0, -1.0, 1.0, -1.0], [-1.0, 1.0, -1.0, 1.0, -1.0, 1.0, -1.0, 1.0, -1.0, 1.0, 1.0, -1.0, -1.0, -1.0, 1.0, -1.0], [-1.0, 1.0, -1.0, 1.0, -1.0, 1.0, -1.0, 1.0, -1.0, 1.0, 1.0, -1.0, -1.0, -1.0, 1.0, -1.0], [-1.0, 1.0, -1.0, 1.0, -1.0, 1.0, -1.0, 1.0, -1.0, 1.0, 1.0, -1.0, -1.0, -1.0, 1.0, -1.0], [-1.0, 1.0, -1.0, 1.0, -1.0, 1.0, -1.0, 1.0, -1.0, 1.0, 1.0, -1.0, -1.0, -1.0, 1.0, -1.0], [-1.0, 1.0, -1.0, 1.0, -1.0, 1.0, -1.0, 1.0, -1.0, 1.0, 1.0, -1.0, -1.0, -1.0, 1.0, -1.0], [-1.0, 1.0, -1.0, 1.0, -1.0, 1.0, -1.0, 1.0, -1.0, 1.0, 1.0, -1.0, -1.0, -1.0, 1.0, -1.0], [-1.0, 1.0, -1.0, 1.0, -1.0, 1.0, -1.0, 1.0, -1.0, 1.0, 1.0, -1.0, -1.0, -1.0, 1.0, -1.0], [-1.0, 1.0, -1.0, 1.0, -1.0, 1.0, -1.0, 1.0, -1.0, 1.0, 1.0, -1.0, -1.0, -1.0, 1.0, -1.0], [-1.0, 1.0, -1.0, 1.0, -1.0, 1.0, -1.0, 1.0, -1.0, 1.0, 1.0, -1.0, -1.0, -1.0, 1.0, -1.0], [-1.0, 1.0, -1.0, 1.0, -1.0, 1.0, -1.0, 1.0, -1.0, 1.0, 1.0, -1.0, -1.0, -1.0, 1.0, -1.0], [-1.0, 1.0, -1.0, 1.0, -1.0, 1.0, -1.0, 1.0, -1.0, 1.0, 1.0, -1.0, -1.0, -1.0, 1.0, -1.0], [0.0, 0.0, 0.0, 0.0, 0.0, 0.0, 0.0, 0.0, 0.0, 0.0, 0.0, 0.0, 0.0, 0.0, 0.0, 0.0], [0.0, 0.0, 0.0, 0.0, 0.0, 0.0, 0.0, 0.0, 0.0, 0.0, 0.0, 0.0, 0.0, 0.0, 0.0, 0.0], [0.0, 0.0, 0.0, 0.0, 0.0, 0.0, 0.0, 0.0, 0.0, 0.0, 0.0, 0.0, 0.0, 0.0, 0.0, 0.0], [0.0, 0.0, 0.0, 0.0, 0.0, 0.0, 0.0, 0.0, 0.0, 0.0, 0.0, 0.0, 0.0, 0.0, 0.0, 0.0], [0.0, 0.0, 0.0, 0.0, 0.0, 0.0, 0.0, 0.0, 0.0, 0.0, 0.0, 0.0, 0.0, 0.0, 0.0, 0.0], [0.0, 0.0, 0.0, 0.0, 0.0, 0.0, 0.0, 0.0, 0.0, 0.0, 0.0, 0.0, 0.0, 0.0, 0.0, 0.0], [0.0, 0.0, 0.0, 0.0, 0.0, 0.0, 0.0, 0.0, 0.0, 0.0, 0.0, 0.0, 0.0, 0.0, 0.0, 0.0], [0.0, 0.0, 0.0, 0.0, 0.0, 0.0, 0.0, 0.0, 0.0, 0.0, 0.0, 0.0, 0.0, 0.0, 0.0, 0.0], [0.0, 0.0, 0.0, 0.0, 0.0, 0.0, 0.0, 0.0, 0.0, 0.0, 0.0, 0.0, 0.0, 0.0, 0.0, 0.0], [0.0, 0.0, 0.0, 0.0, 0.0, 0.0, 0.0, 0.0, 0.0, 0.0, 0.0, 0.0, 0.0, 0.0, 0.0, 0.0], [0.0, 0.0, 0.0, 0.0, 0.0, 0.0, 0.0, 0.0, 0.0, 0.0, 0.0, 0.0, 0.0, 0.0, 0.0, 0.0], [0.0, 0.0, 0.0, 0.0, 0.0, 0.0, 0.0, 0.0, 0.0, 0.0, 0.0, 0.0, 0.0, 0.0, 0.0, 0.0], [0.0, 0.0, 0.0, 0.0, 0.0, 0.0, 0.0, 0.0, 0.0, 0.0, 0.0, 0.0, 0.0, 0.0, 0.0, 0.0], [0.0, 0.0, 0.0, 0.0, 0.0, 0.0, 0.0, 0.0, 0.0, 0.0, 0.0, 0.0, 0.0, 0.0, 0.0, 0.0], [0.0, 0.0, 0.0, 0.0, 0.0, 0.0, 0.0, 0.0, 0.0, 0.0, 0.0, 0.0, 0.0, 0.0, 0.0, 0.0], [0.0, 0.0, 0.0, 0.0, 0.0, 0.0, 0.0, 0.0, 0.0, 0.0, 0.0, 0.0, 0.0, 0.0, 0.0, 0.0]], [[-1.0, -1.0, -1.0, 0.0, 0.0, -1.0, 1.0, 1.0, -1.0, 1.0, 1.0, 1.0, -1.0, 0.0, 1.0, 0.0], [-1.0, 1.0, 1.0, -1.0, 1.0, 1.0, -1.0, -1.0, -1.0, -1.0, -1.0, -1.0, -1.0, -1.0, -1.0, -1.0], [1.0, 1.0, -1.0, -1.0, 1.0, -1.0, 1.0, 1.0, 1.0, 1.0, 1.0, 1.0, 1.0, -1.0, -1.0, -1.0], [-1.0, 1.0, 0.0, 1.0, -1.0, 0.0, -1.0, -1.0, -1.0, -1.0, -1.0, 1.0, -1.0, 1.0, -1.0, -1.0], [-1.0, -1.0, -1.0, 1.0, -1.0, -1.0, 1.0, 1.0, -1.0, 1.0, 1.0, 1.0, -1.0, -1.0, 1.0, -1.0], [-1.0, -1.0, 1.0, -1.0, -1.0, 1.0, -1.0, -1.0, 1.0, -1.0, -1.0, -1.0, 1.0, -1.0, -1.0, -1.0], [-1.0, -1.0, -1.0, -1.0, -1.0, -1.0, 1.0, 1.0, 0.0, 1.0, 1.0, 1.0, -1.0, 1.0, -1.0, -1.0], [-1.0, 1.0, 1.0, -1.0, -1.0, 1.0, -1.0, -1.0, 1.0, -1.0, -1.0, -1.0, 1.0, -1.0, -1.0, -1.0], [1.0, 1.0, 0.0, -1.0, 1.0, -1.0, 1.0, 1.0, 1.0, 1.0, 1.0, 1.0, 1.0, -1.0, -1.0, -1.0], [1.0, -1.0, 1.0, -1.0, 1.0, 1.0, -1.0, -1.0, -1.0, -1.0, -1.0, -1.0, -1.0, -1.0, -1.0, -1.0], [-1.0, 1.0, -1.0, 1.0, -1.0, -1.0, 1.0, -1.0, -1.0, 1.0, 0.0, 1.0, -1.0, 1.0, -1.0, -1.0], [1.0, -1.0, -1.0, -1.0, 1.0, 1.0, -1.0, -1.0, 1.0, -1.0, 1.0, -1.0, 1.0, -1.0, 1.0, 1.0], [-1.0, -1.0, -1.0, -1.0, -1.0, -1.0, 1.0, 1.0, -1.0, 1.0, 1.0, 1.0, -1.0, -1.0, -1.0, 1.0], [1.0, -1.0, 1.0, -1.0, 1.0, -1.0, -1.0, -1.0, 1.0, -1.0, -1.0, -1.0, 1.0, -1.0, 1.0, 1.0], [-1.0, -1.0, -1.0, 1.0, -1.0, 1.0, -1.0, -1.0, -1.0, -1.0, -1.0, -1.0, -1.0, 1.0, 1.0, 1.0], [1.0, -1.0, -1.0, -1.0, 1.0, -1.0, -1.0, 0.0, 1.0, -1.0, -1.0, -1.0, 1.0, -1.0, 1.0, 1.0]], [[1.0, -1.0, -1.0], [1.0, -1.0, 1.0], [-1.0, 0.0, 1.0], [-1.0, -1.0, -1.0], [1.0, 1.0, -1.0], [-1.0, 1.0, 1.0], [1.0, 1.0, -1.0], [1.0, -1.0, -1.0], [1.0, -1.0, 1.0], [1.0, 1.0, -1.0], [1.0, -1.0, -1.0], [1.0, -1.0, -1.0], [1.0, -1.0, 1.0], [-1.0, -1.0, 0.0], [-1.0, 1.0, -1.0], [-1.0, 1.0, 0.0]]]
biases=[[-1.0, 1.0, 1.0, -1.0, -1.0, 1.0, -1.0, 1.0, 1.0, 1.0, -1.0, 1.0, -1.0, 1.0, -1.0, 1.0], [1.0, 1.0, 1.0, -1.0, -1.0, 1.0, -1.0, -1.0, -1.0, -1.0, -1.0, -1.0, -1.0, -1.0, -1.0, -1.0], [-1.0, -1.0, 1.0]]
