solver=hw_w
n_hidden_layers=0
examples_per_class=1
examples_skip=0
time_out=5
cp_total_time=0.00032738049825032555
cp_is_sat=True
cp_num_branches=106
cp_num_vars=105
mip_is_sat=True
mip_objective=9.0
mip_bound=9.0
mip_gap=0.0
mip_is_optimal=True
mip_num_nodes=184.0
mip_num_vars=315
cp_weights=[[[1.0, 0.0, 0.0], [1.0, -1.0, 1.0], [0.0, -1.0, 1.0], [0.0, 1.0, -1.0], [0.0, 1.0, 0.0], [1.0, 0.0, 1.0], [0.0, -1.0, 0.0], [1.0, 0.0, 0.0], [1.0, -1.0, 1.0], [-1.0, 1.0, 1.0], [1.0, 0.0, 1.0], [-1.0, 1.0, 0.0], [0.0, 1.0, 1.0], [0.0, 1.0, 1.0], [1.0, -1.0, 0.0], [0.0, 1.0, 1.0], [-1.0, 1.0, 0.0], [0.0, -1.0, 0.0], [-1.0, -1.0, 1.0], [-1.0, -1.0, -1.0], [1.0, -1.0, 0.0], [0.0, 0.0, 0.0], [-1.0, 1.0, 1.0], [-1.0, -1.0, -1.0], [1.0, -1.0, -1.0], [0.0, 0.0, 1.0], [1.0, 1.0, 1.0], [1.0, 1.0, 1.0], [1.0, 1.0, -1.0], [-1.0, 0.0, 0.0], [0.0, 1.0, 0.0], [-1.0, 0.0, 1.0], [1.0, 1.0, -1.0], [0.0, 0.0, -1.0], [0.0, 0.0, 0.0], [0.0, 0.0, 0.0], [0.0, 0.0, 0.0], [0.0, 0.0, 0.0], [0.0, 0.0, 0.0], [0.0, 0.0, 0.0], [0.0, 0.0, 0.0], [0.0, 0.0, 0.0], [0.0, 0.0, 0.0], [0.0, 0.0, 0.0], [0.0, 0.0, 0.0], [0.0, 0.0, 0.0], [0.0, 0.0, 0.0], [0.0, 0.0, 0.0], [0.0, 0.0, 0.0], [0.0, 0.0, 0.0]]]
cp_biases=[[1.0, 1.0, 0.0]]
total_time=0.006995085875193278
is_sat=True
train_performance=0.33333334
test_performance=0.5075
weights=[[[0.0, 0.0, 0.0], [1.0, 1.0, 1.0], [-1.0, -1.0, -1.0], [-0.0, 0.0, -0.0], [0.0, 0.0, 0.0], [0.0, 0.0, 0.0], [0.0, 0.0, 0.0], [0.0, 0.0, 0.0], [0.0, 0.0, 0.0], [0.0, 0.0, 0.0], [0.0, 0.0, 0.0], [0.0, 0.0, 0.0], [0.0, 0.0, 0.0], [0.0, 0.0, 0.0], [0.0, 0.0, 0.0], [0.0, 0.0, 0.0], [0.0, 0.0, 0.0], [0.0, 0.0, 0.0], [0.0, 0.0, 0.0], [0.0, 0.0, 0.0], [0.0, 0.0, 0.0], [0.0, 0.0, 0.0], [0.0, 0.0, 0.0], [0.0, 0.0, 0.0], [0.0, 0.0, 0.0], [0.0, 0.0, 0.0], [0.0, 0.0, 0.0], [0.0, 0.0, 0.0], [0.0, 0.0, 0.0], [0.0, 0.0, 0.0], [0.0, 0.0, 0.0], [0.0, 0.0, 0.0], [0.0, 0.0, 0.0], [0.0, 0.0, 0.0], [0.0, 0.0, 0.0], [0.0, 0.0, 0.0], [0.0, 0.0, 0.0], [0.0, 0.0, 0.0], [0.0, 0.0, 0.0], [0.0, 0.0, 0.0], [0.0, 0.0, 0.0], [0.0, 0.0, 0.0], [0.0, 0.0, 0.0], [0.0, 0.0, 0.0], [0.0, 0.0, 0.0], [0.0, 0.0, 0.0], [0.0, 0.0, 0.0], [0.0, 0.0, 0.0], [0.0, 0.0, 0.0], [0.0, 0.0, 0.0]]]
biases=[[1.0, 1.0, 1.0]]
