solver=hw_w
n_hidden_layers=1
examples_per_class=1
examples_skip=0
time_out=5
cp_total_time=0.0007022698720296224
cp_is_sat=True
cp_num_branches=605
cp_num_vars=611
mip_is_sat=True
mip_objective=6.0
mip_bound=3.000000000000002
mip_gap=0.4999999999999996
mip_is_optimal=False
mip_num_nodes=453723.0
mip_num_vars=2073
cp_weights=[[[0.0, 0.0, 0.0, 1.0, 1.0, 0.0, 1.0, 1.0, 0.0, -1.0, -1.0, 1.0, -1.0, 0.0, -1.0, 1.0], [-1.0, 1.0, 1.0, 0.0, 0.0, -1.0, -1.0, 0.0, -1.0, -1.0, 0.0, -1.0, -1.0, 1.0, -1.0, -1.0], [0.0, 0.0, 1.0, 1.0, -1.0, 0.0, 1.0, 1.0, 1.0, -1.0, -1.0, -1.0, -1.0, 0.0, -1.0, -1.0], [1.0, 1.0, -1.0, -1.0, 1.0, 0.0, -1.0, 1.0, 1.0, -1.0, 0.0, 0.0, 0.0, -1.0, 1.0, -1.0], [1.0, 1.0, -1.0, 0.0, 0.0, 0.0, 1.0, 0.0, -1.0, 0.0, -1.0, 0.0, 1.0, -1.0, -1.0, -1.0], [1.0, -1.0, -1.0, 1.0, -1.0, 0.0, 0.0, -1.0, 1.0, 0.0, 0.0, 1.0, 1.0, 1.0, 1.0, 0.0], [1.0, -1.0, 1.0, -1.0, -1.0, -1.0, 0.0, 0.0, -1.0, -1.0, 0.0, 0.0, 0.0, -1.0, 0.0, 0.0], [0.0, 0.0, 0.0, -1.0, 1.0, 0.0, 1.0, 1.0, 0.0, 1.0, 1.0, 1.0, 1.0, -1.0, 0.0, 0.0], [0.0, 0.0, 1.0, -1.0, 1.0, -1.0, 1.0, -1.0, -1.0, 1.0, 1.0, 0.0, 0.0, 1.0, 0.0, 0.0], [0.0, -1.0, 0.0, 0.0, 1.0, 1.0, -1.0, -1.0, 1.0, 0.0, -1.0, -1.0, -1.0, -1.0, -1.0, 1.0], [1.0, 0.0, -1.0, 1.0, -1.0, 1.0, -1.0, -1.0, -1.0, 0.0, 0.0, 1.0, 1.0, 1.0, 1.0, 0.0], [0.0, 0.0, 0.0, -1.0, -1.0, -1.0, 1.0, 1.0, 0.0, 1.0, 0.0, -1.0, 0.0, -1.0, 0.0, -1.0], [1.0, -1.0, 0.0, 0.0, -1.0, 1.0, 0.0, 1.0, 1.0, 1.0, 0.0, 0.0, 0.0, 1.0, -1.0, -1.0], [1.0, 0.0, 1.0, 0.0, 1.0, 1.0, -1.0, 0.0, -1.0, 1.0, -1.0, 1.0, 1.0, -1.0, -1.0, -1.0], [0.0, -1.0, 0.0, 1.0, -1.0, 0.0, 0.0, 0.0, 1.0, 1.0, 0.0, -1.0, -1.0, -1.0, 1.0, 1.0], [0.0, -1.0, 1.0, 0.0, -1.0, 0.0, 0.0, 0.0, 0.0, 1.0, -1.0, 1.0, 1.0, -1.0, 0.0, 0.0], [1.0, -1.0, 0.0, 0.0, 0.0, 1.0, 0.0, 1.0, 0.0, 0.0, 0.0, 1.0, 0.0, 1.0, 1.0, -1.0], [0.0, 0.0, 1.0, 0.0, 0.0, -1.0, 0.0, 1.0, -1.0, 0.0, 0.0, 1.0, 1.0, -1.0, -1.0, -1.0], [0.0, 0.0, 1.0, 1.0, -1.0, 0.0, -1.0, -1.0, -1.0, 0.0, -1.0, 1.0, 0.0, 0.0, 1.0, -1.0], [-1.0, -1.0, -1.0, 0.0, 0.0, 1.0, 0.0, 1.0, -1.0, 1.0, -1.0, 1.0, 1.0, 0.0, 0.0, 0.0], [0.0, 1.0, 0.0, -1.0, 1.0, -1.0, -1.0, 0.0, -1.0, 1.0, 1.0, -1.0, 1.0, 1.0, 0.0, -1.0], [1.0, 1.0, 1.0, -1.0, 1.0, -1.0, 0.0, -1.0, 0.0, -1.0, 0.0, -1.0, -1.0, 0.0, 1.0, 0.0], [1.0, -1.0, -1.0, -1.0, 1.0, 0.0, 0.0, 1.0, -1.0, 1.0, 1.0, 1.0, 0.0, -1.0, -1.0, 1.0], [0.0, -1.0, 1.0, -1.0, 1.0, 0.0, 0.0, -1.0, -1.0, -1.0, 1.0, 0.0, 0.0, -1.0, 0.0, 1.0], [0.0, 1.0, 0.0, -1.0, -1.0, 0.0, 1.0, 0.0, 1.0, 0.0, -1.0, -1.0, -1.0, -1.0, -1.0, -1.0], [0.0, -1.0, -1.0, -1.0, 0.0, -1.0, 0.0, -1.0, 0.0, 0.0, 1.0, 1.0, 1.0, 0.0, -1.0, 0.0], [-1.0, 0.0, 0.0, 1.0, 0.0, 0.0, -1.0, 0.0, -1.0, -1.0, 1.0, 1.0, -1.0, -1.0, 1.0, 0.0], [-1.0, 1.0, 0.0, 0.0, -1.0, 0.0, -1.0, 0.0, 1.0, 0.0, 0.0, 1.0, 1.0, 0.0, -1.0, 1.0], [0.0, 1.0, 0.0, -1.0, -1.0, 1.0, 0.0, 0.0, 0.0, 0.0, 1.0, 1.0, 1.0, 0.0, 0.0, 0.0], [0.0, 1.0, 1.0, 0.0, 1.0, 0.0, 1.0, 0.0, 0.0, 1.0, -1.0, -1.0, -1.0, 1.0, 0.0, 1.0], [-1.0, -1.0, 0.0, 1.0, 0.0, 0.0, -1.0, 0.0, -1.0, -1.0, 1.0, -1.0, -1.0, -1.0, -1.0, -1.0], [1.0, 1.0, 1.0, 0.0, -1.0, -1.0, -1.0, -1.0, 1.0, 1.0, 1.0, -1.0, 0.0, 1.0, 1.0, 0.0], [0.0, 0.0, 1.0, 0.0, -1.0, 1.0, 1.0, -1.0, 0.0, 1.0, 1.0, 0.0, 1.0, 0.0, 0.0, -1.0], [1.0, 1.0, 1.0, 0.0, -1.0, 0.0, 0.0, 1.0, -1.0, 0.0, 1.0, 1.0, -1.0, 1.0, 0.0, 0.0], [0.0, 0.0, 0.0, 0.0, 0.0, 0.0, 0.0, 0.0, 0.0, 0.0, 0.0, 0.0, 0.0, 0.0, 0.0, 0.0], [0.0, 0.0, 0.0, 0.0, 0.0, 0.0, 0.0, 0.0, 0.0, 0.0, 0.0, 0.0, 0.0, 0.0, 0.0, 0.0], [0.0, 0.0, 0.0, 0.0, 0.0, 0.0, 0.0, 0.0, 0.0, 0.0, 0.0, 0.0, 0.0, 0.0, 0.0, 0.0], [0.0, 0.0, 0.0, 0.0, 0.0, 0.0, 0.0, 0.0, 0.0, 0.0, 0.0, 0.0, 0.0, 0.0, 0.0, 0.0], [0.0, 0.0, 0.0, 0.0, 0.0, 0.0, 0.0, 0.0, 0.0, 0.0, 0.0, 0.0, 0.0, 0.0, 0.0, 0.0], [0.0, 0.0, 0.0, 0.0, 0.0, 0.0, 0.0, 0.0, 0.0, 0.0, 0.0, 0.0, 0.0, 0.0, 0.0, 0.0], [0.0, 0.0, 0.0, 0.0, 0.0, 0.0, 0.0, 0.0, 0.0, 0.0, 0.0, 0.0, 0.0, 0.0, 0.0, 0.0], [0.0, 0.0, 0.0, 0.0, 0.0, 0.0, 0.0, 0.0, 0.0, 0.0, 0.0, 0.0, 0.0, 0.0, 0.0, 0.0], [0.0, 0.0, 0.0, 0.0, 0.0, 0.0, 0.0, 0.0, 0.0, 0.0, 0.0, 0.0, 0.0, 0.0, 0.0, 0.0], [0.0, 0.0, 0.0, 0.0, 0.0, 0.0, 0.0, 0.0, 0.0, 0.0, 0.0, 0.0, 0.0, 0.0, 0.0, 0.0], [0.0, 0.0, 0.0, 0.0, 0.0, 0.0, 0.0, 0.0, 0.0, 0.0, 0.0, 0.0, 0.0, 0.0, 0.0, 0.0], [0.0, 0.0, 0.0, 0.0, 0.0, 0.0, 0.0, 0.0, 0.0, 0.0, 0.0, 0.0, 0.0, 0.0, 0.0, 0.0], [0.0, 0.0, 0.0, 0.0, 0.0, 0.0, 0.0, 0.0, 0.0, 0.0, 0.0, 0.0, 0.0, 0.0, 0.0, 0.0], [0.0, 0.0, 0.0, 0.0, 0.0, 0.0, 0.0, 0.0, 0.0, 0.0, 0.0, 0.0, 0.0, 0.0, 0.0, 0.0], [0.0, 0.0, 0.0, 0.0, 0.0, 0.0, 0.0, 0.0, 0.0, 0.0, 0.0, 0.0, 0.0, 0.0, 0.0, 0.0], [0.0, 0.0, 0.0, 0.0, 0.0, 0.0, 0.0, 0.0, 0.0, 0.0, 0.0, 0.0, 0.0, 0.0, 0.0, 0.0]], [[-1.0, 1.0, -1.0], [-1.0, 1.0, 1.0], [0.0, 0.0, 1.0], [1.0, -1.0, 0.0], [-1.0, 0.0, 1.0], [1.0, -1.0, 0.0], [0.0, -1.0, -1.0], [0.0, -1.0, -1.0], [-1.0, -1.0, -1.0], [0.0, -1.0, 1.0], [1.0, 1.0, 0.0], [1.0, 0.0, -1.0], [0.0, 1.0, 0.0], [0.0, 1.0, 1.0], [-1.0, -1.0, 1.0], [-1.0, -1.0, -1.0]]]
cp_biases=[[0.0, -1.0, 0.0, 1.0, -1.0, -1.0, 1.0, 1.0, -1.0, 0.0, -1.0, -1.0, 0.0, 1.0, 1.0, 1.0], [-1.0, 1.0, -1.0]]
total_time=5.008633025487264
is_sat=True
train_performance=0.0
test_performance=0.0
weights=[[[0.0, 0.0, 0.0, 0.0, 0.0, 0.0, 0.0, 0.0, 0.0, 0.0, 0.0, 0.0, 0.0, 0.0, 0.0, 0.0], [0.0, 0.0, 0.0, 0.0, 0.0, 0.0, 0.0, 0.0, 0.0, 0.0, 0.0, 0.0, 0.0, 0.0, 0.0, 0.0], [0.0, 0.0, 0.0, 0.0, 0.0, 0.0, 0.0, 0.0, 0.0, 0.0, 0.0, 0.0, 0.0, 0.0, 0.0, 0.0], [0.0, 0.0, 0.0, 0.0, 0.0, 0.0, 0.0, 0.0, 0.0, 0.0, 0.0, 0.0, 0.0, 0.0, 0.0, 0.0], [0.0, 0.0, 0.0, 0.0, 0.0, 0.0, 0.0, 0.0, 0.0, 0.0, 0.0, 0.0, 0.0, 0.0, 0.0, 0.0], [0.0, 0.0, 0.0, 0.0, 0.0, 0.0, 0.0, 0.0, 0.0, 0.0, 0.0, 0.0, 0.0, 0.0, 0.0, 0.0], [0.0, 0.0, 0.0, 0.0, 0.0, 0.0, 0.0, 0.0, 0.0, 0.0, 0.0, 0.0, 0.0, 0.0, 0.0, 0.0], [0.0, 0.0, 0.0, 0.0, 0.0, 0.0, 0.0, 0.0, 0.0, 0.0, 0.0, 0.0, 0.0, 0.0, 0.0, 0.0], [0.0, 0.0, 0.0, 0.0, 0.0, 0.0, 0.0, 0.0, 0.0, 0.0, 0.0, 0.0, 0.0, 0.0, 0.0, 0.0], [0.0, 0.0, 0.0, 0.0, 0.0, 0.0, 0.0, 0.0, 0.0, 0.0, 0.0, 0.0, 0.0, 0.0, 0.0, 0.0], [0.0, 0.0, 0.0, 0.0, 0.0, 0.0, 0.0, 0.0, 0.0, 0.0, 0.0, 0.0, 0.0, 0.0, 0.0, 0.0], [0.0, 0.0, 0.0, 0.0, 0.0, 0.0, 0.0, 0.0, 0.0, 0.0, 0.0, 0.0, 0.0, 0.0, 0.0, 0.0], [0.0, 0.0, 0.0, 0.0, 0.0, 0.0, 0.0, 0.0, 0.0, 0.0, 0.0, 0.0, 0.0, 0.0, 0.0, 0.0], [0.0, 0.0, 0.0, 0.0, 0.0, 0.0, 0.0, 0.0, 0.0, 0.0, 0.0, 0.0, 0.0, 0.0, 0.0, 0.0], [0.0, 0.0, 0.0, 0.0, 0.0, 0.0, 0.0, 0.0, 0.0, 0.0, 0.0, 0.0, 0.0, 0.0, 0.0, 0.0], [0.0, 0.0, 0.0, 0.0, 0.0, 0.0, 0.0, 0.0, 0.0, 0.0, 0.0, 0.0, 0.0, 0.0, 0.0, 0.0], [0.0, 0.0, 0.0, 0.0, 0.0, 0.0, 0.0, 0.0, 0.0, 0.0, 0.0, 0.0, 0.0, 0.0, 0.0, 0.0], [0.0, 0.0, 0.0, 0.0, 0.0, 0.0, 0.0, 0.0, 0.0, 0.0, 0.0, 0.0, 0.0, 0.0, 0.0, 0.0], [0.0, 0.0, 0.0, 0.0, 0.0, 0.0, 0.0, 0.0, 0.0, 0.0, 0.0, 0.0, 0.0, 0.0, 0.0, 0.0], [0.0, 0.0, 0.0, 0.0, 0.0, 0.0, 0.0, 0.0, 0.0, 0.0, 0.0, 0.0, 0.0, 0.0, 0.0, 0.0], [0.0, 0.0, 0.0, 0.0, 0.0, 0.0, 0.0, 0.0, 0.0, 0.0, 0.0, 0.0, 0.0, 0.0, 0.0, 0.0], [0.0, 0.0, 0.0, 0.0, 0.0, 0.0, 0.0, 0.0, 0.0, 0.0, 0.0, 0.0, 0.0, 0.0, 0.0, 0.0], [0.0, 0.0, 0.0, 0.0, 0.0, 0.0, 0.0, 0.0, 0.0, 0.0, 0.0, 0.0, 0.0, 0.0, 0.0, 0.0], [0.0, 0.0, 0.0, 0.0, 0.0, 0.0, 0.0, 0.0, 0.0, 0.0, 0.0, 0.0, 0.0, 0.0, 0.0, 0.0], [0.0, 0.0, 0.0, 0.0, 0.0, 0.0, 0.0, 0.0, 0.0, 0.0, 0.0, 0.0, 0.0, 0.0, 0.0, 0.0], [0.0, 0.0, 0.0, 0.0, 0.0, 0.0, 0.0, 0.0, 0.0, 0.0, 0.0, 0.0, 0.0, 0.0, 0.0, 0.0], [0.0, 0.0, 0.0, 0.0, 0.0, 0.0, 0.0, 0.0, 0.0, 0.0, 0.0, 0.0, 0.0, 0.0, 0.0, 0.0], [0.0, 0.0, 0.0, 0.0, 0.0, 0.0, 0.0, 0.0, 0.0, 0.0, 0.0, 0.0, 0.0, 0.0, 0.0, 0.0], [0.0, 0.0, 0.0, 0.0, 0.0, 0.0, 0.0, 0.0, 0.0, 0.0, 0.0, 0.0, 0.0, 0.0, 0.0, 0.0], [0.0, 0.0, 0.0, 0.0, 0.0, 0.0, 0.0, 0.0, 0.0, 0.0, 0.0, 0.0, 0.0, 0.0, 0.0, 0.0], [0.0, 0.0, 0.0, 0.0, 0.0, 0.0, 0.0, 0.0, 0.0, 0.0, 0.0, 0.0, 0.0, 0.0, 0.0, 0.0], [0.0, 0.0, 0.0, 0.0, 0.0, 0.0, 0.0, 0.0, 0.0, 0.0, 0.0, 0.0, 0.0, 0.0, 0.0, 0.0], [0.0, 0.0, 0.0, 0.0, 0.0, 0.0, 0.0, 0.0, 0.0, 0.0, 0.0, 0.0, 0.0, 0.0, 0.0, 0.0], [0.0, 0.0, 0.0, 0.0, 0.0, 0.0, 0.0, 0.0, 0.0, 0.0, 0.0, 0.0, 0.0, 0.0, 0.0, 0.0], [0.0, 0.0, 0.0, 0.0, 0.0, 0.0, 0.0, 0.0, 0.0, 0.0, 0.0, 0.0, 0.0, 0.0, 0.0, 0.0], [0.0, 0.0, 0.0, 0.0, 0.0, 0.0, 0.0, 0.0, 0.0, 0.0, 0.0, 0.0, 0.0, 0.0, 0.0, 0.0], [0.0, 0.0, 0.0, 0.0, 0.0, 0.0, 0.0, 0.0, 0.0, 0.0, 0.0, 0.0, 0.0, 0.0, 0.0, 0.0], [0.0, 0.0, 0.0, 0.0, 0.0, 0.0, 0.0, 0.0, 0.0, 0.0, 0.0, 0.0, 0.0, 0.0, 0.0, 0.0], [0.0, 0.0, 0.0, 0.0, 0.0, 0.0, 0.0, 0.0, 0.0, 0.0, 0.0, 0.0, 0.0, 0.0, 0.0, 0.0], [0.0, 0.0, 0.0, 0.0, 0.0, 0.0, 0.0, 0.0, 0.0, 0.0, 0.0, 0.0, 0.0, 0.0, 0.0, 0.0], [0.0, 0.0, 0.0, 0.0, 0.0, 0.0, 0.0, 0.0, 0.0, 0.0, 0.0, 0.0, 0.0, 0.0, 0.0, 0.0], [0.0, 0.0, 0.0, 0.0, 0.0, 0.0, 0.0, 0.0, 0.0, 0.0, 0.0, 0.0, 0.0, 0.0, 0.0, 0.0], [0.0, 0.0, 0.0, 0.0, 0.0, 0.0, 0.0, 0.0, 0.0, 0.0, 0.0, 0.0, 0.0, 0.0, 0.0, 0.0], [0.0, 0.0, 0.0, 0.0, 0.0, 0.0, 0.0, 0.0, 0.0, 0.0, 0.0, 0.0, 0.0, 0.0, 0.0, 0.0], [0.0, 0.0, 0.0, 0.0, 0.0, 0.0, 0.0, 0.0, 0.0, 0.0, 0.0, 0.0, 0.0, 0.0, 0.0, 0.0], [0.0, 0.0, 0.0, 0.0, 0.0, 0.0, 0.0, 0.0, 0.0, 0.0, 0.0, 0.0, 0.0, 0.0, 0.0, 0.0], [0.0, 0.0, 0.0, 0.0, 0.0, 0.0, 0.0, 0.0, 0.0, 0.0, 0.0, 0.0, 0.0, 0.0, 0.0, 0.0], [0.0, 0.0, 0.0, 0.0, 0.0, 0.0, 0.0, 0.0, 0.0, 0.0, 0.0, 0.0, 0.0, 0.0, 0.0, 0.0], [0.0, 0.0, 0.0, 0.0, 0.0, 0.0, 0.0, 0.0, 0.0, 0.0, 0.0, 0.0, 0.0, 0.0, 0.0, 0.0], [0.0, 0.0, 0.0, 0.0, 0.0, 0.0, 0.0, 0.0, 0.0, 0.0, 0.0, 0.0, 0.0, 0.0, 0.0, 0.0]], [[0.0, 0.0, 0.0], [0.0, 0.0, 0.0], [0.0, 0.0, 0.0], [0.0, 0.0, 0.0], [0.0, 0.0, 1.0], [0.0, 0.0, 0.0], [-1.0, -1.0, 0.0], [0.0, 0.0, 0.0], [0.0, 0.0, 0.0], [0.0, 0.0, 0.0], [0.0, 0.0, 0.0], [0.0, 0.0, 0.0], [0.0, 0.0, 0.0], [0.0, 0.0, 0.0], [0.0, 0.0, 0.0], [0.0, 0.0, 0.0]]]
biases=[[0.0, 0.0, 0.0, 0.0, 0.0, 0.0, 0.0, 0.0, 0.0, 0.0, 0.0, 0.0, 0.0, 0.0, 0.0, 0.0], [-1.0, -1.0, -1.0]]
