solver=hw_m
n_hidden_layers=1
examples_per_class=1
examples_skip=0
time_out=5
cp_total_time=0.0015830039978027345
cp_is_sat=True
cp_num_branches=609
cp_num_vars=611
mip_is_sat=True
mip_objective=1500481.989
mip_bound=1500566.991
mip_gap=5.6649796947254235e-05
mip_is_optimal=True
mip_num_nodes=774.0
mip_num_vars=851
cp_weights=[[[1.0, 1.0, 1.0, 0.0, 1.0, -1.0, 1.0, 0.0, 1.0, 1.0, 1.0, -1.0, -1.0, 0.0, -1.0, 0.0], [1.0, -1.0, 1.0, 0.0, 1.0, 0.0, 1.0, -1.0, 0.0, 1.0, -1.0, -1.0, 0.0, 0.0, 1.0, -1.0], [1.0, 1.0, 0.0, -1.0, -1.0, 1.0, -1.0, -1.0, 1.0, 1.0, 0.0, 0.0, 1.0, 1.0, -1.0, -1.0], [1.0, 1.0, -1.0, 0.0, 0.0, 1.0, -1.0, -1.0, -1.0, -1.0, 1.0, -1.0, 0.0, 0.0, 0.0, -1.0], [0.0, 1.0, -1.0, -1.0, 1.0, 0.0, 0.0, 0.0, -1.0, -1.0, 1.0, 1.0, -1.0, 1.0, -1.0, 1.0], [-1.0, 0.0, 0.0, 1.0, 0.0, -1.0, -1.0, 0.0, -1.0, 0.0, 0.0, 0.0, 1.0, 0.0, 0.0, 1.0], [0.0, -1.0, 0.0, 0.0, 0.0, -1.0, 0.0, 1.0, 1.0, -1.0, 1.0, -1.0, 1.0, 0.0, -1.0, 0.0], [0.0, 1.0, -1.0, 0.0, 1.0, 0.0, 1.0, 0.0, 0.0, 0.0, 0.0, 1.0, -1.0, 0.0, -1.0, 0.0], [-1.0, 0.0, -1.0, 0.0, 1.0, -1.0, 1.0, -1.0, 0.0, 1.0, 1.0, 1.0, -1.0, 1.0, 0.0, -1.0], [1.0, 1.0, 1.0, -1.0, 0.0, 0.0, 1.0, -1.0, 1.0, 0.0, 1.0, -1.0, 1.0, 0.0, 0.0, -1.0], [0.0, 0.0, 0.0, 0.0, -1.0, -1.0, -1.0, 1.0, 0.0, 1.0, -1.0, 0.0, 1.0, 0.0, -1.0, 0.0], [0.0, 0.0, 0.0, -1.0, 0.0, -1.0, -1.0, 1.0, 0.0, 1.0, 1.0, 0.0, 1.0, -1.0, 0.0, 1.0], [1.0, -1.0, -1.0, 1.0, -1.0, 1.0, 1.0, -1.0, 1.0, 1.0, -1.0, 1.0, -1.0, -1.0, -1.0, 0.0], [1.0, -1.0, -1.0, 1.0, -1.0, -1.0, 1.0, 1.0, 1.0, 1.0, 1.0, 0.0, 1.0, -1.0, 1.0, 0.0], [1.0, -1.0, 0.0, 1.0, 1.0, -1.0, 1.0, -1.0, -1.0, 0.0, 1.0, 1.0, 0.0, -1.0, -1.0, 1.0], [1.0, 0.0, 0.0, 1.0, -1.0, 1.0, 1.0, -1.0, -1.0, -1.0, -1.0, 1.0, 1.0, 0.0, -1.0, 1.0], [0.0, -1.0, 1.0, 1.0, 1.0, 1.0, 0.0, -1.0, 1.0, -1.0, 0.0, -1.0, -1.0, 1.0, -1.0, 1.0], [-1.0, -1.0, -1.0, 0.0, 1.0, -1.0, 0.0, 1.0, -1.0, 1.0, 0.0, 0.0, 0.0, -1.0, 1.0, -1.0], [-1.0, 0.0, -1.0, -1.0, 0.0, 1.0, 1.0, 1.0, 0.0, 1.0, 0.0, 1.0, 0.0, -1.0, 0.0, 1.0], [-1.0, -1.0, 0.0, 1.0, 1.0, 0.0, -1.0, 0.0, 1.0, 1.0, 1.0, 1.0, -1.0, -1.0, -1.0, 0.0], [1.0, 0.0, -1.0, 0.0, -1.0, 1.0, 0.0, 1.0, 1.0, 1.0, 0.0, 0.0, 0.0, 0.0, 0.0, 1.0], [-1.0, 1.0, 1.0, 0.0, -1.0, 0.0, -1.0, -1.0, 0.0, 1.0, 0.0, 0.0, 0.0, 0.0, 1.0, 0.0], [0.0, 1.0, 0.0, 0.0, 1.0, 1.0, 0.0, 0.0, 0.0, -1.0, -1.0, -1.0, 0.0, -1.0, 0.0, 1.0], [0.0, -1.0, -1.0, -1.0, 1.0, 0.0, 0.0, -1.0, -1.0, 1.0, -1.0, -1.0, -1.0, 0.0, 1.0, 1.0], [0.0, 1.0, -1.0, -1.0, 0.0, -1.0, 1.0, -1.0, -1.0, -1.0, 0.0, 1.0, -1.0, -1.0, -1.0, -1.0], [1.0, -1.0, 1.0, 1.0, 1.0, 0.0, 1.0, 0.0, -1.0, 1.0, 1.0, -1.0, 0.0, 1.0, 0.0, -1.0], [1.0, -1.0, 1.0, 0.0, 1.0, 1.0, 1.0, 0.0, -1.0, 0.0, -1.0, 1.0, -1.0, 1.0, 1.0, -1.0], [0.0, 0.0, 0.0, -1.0, -1.0, 1.0, 1.0, -1.0, 0.0, -1.0, 1.0, 1.0, 0.0, -1.0, 1.0, -1.0], [1.0, 0.0, 0.0, 0.0, 0.0, 1.0, 1.0, 0.0, 0.0, -1.0, 0.0, 0.0, 1.0, 1.0, 1.0, -1.0], [-1.0, -1.0, -1.0, 1.0, 0.0, 0.0, 1.0, 1.0, 1.0, 1.0, -1.0, 1.0, 0.0, -1.0, -1.0, 1.0], [0.0, -1.0, 0.0, 0.0, 1.0, 1.0, 1.0, 1.0, 0.0, 0.0, 0.0, -1.0, -1.0, 0.0, 0.0, 0.0], [-1.0, 0.0, 1.0, 1.0, -1.0, 0.0, -1.0, 1.0, -1.0, 0.0, 1.0, 0.0, 1.0, 0.0, -1.0, -1.0], [1.0, 1.0, 1.0, -1.0, -1.0, -1.0, -1.0, 0.0, 0.0, 1.0, 0.0, 1.0, 1.0, 0.0, 1.0, -1.0], [-1.0, -1.0, -1.0, 1.0, -1.0, -1.0, 0.0, 0.0, 0.0, -1.0, -1.0, 1.0, 1.0, -1.0, -1.0, 0.0], [0.0, 0.0, 0.0, 0.0, 0.0, 0.0, 0.0, 0.0, 0.0, 0.0, 0.0, 0.0, 0.0, 0.0, 0.0, 0.0], [0.0, 0.0, 0.0, 0.0, 0.0, 0.0, 0.0, 0.0, 0.0, 0.0, 0.0, 0.0, 0.0, 0.0, 0.0, 0.0], [0.0, 0.0, 0.0, 0.0, 0.0, 0.0, 0.0, 0.0, 0.0, 0.0, 0.0, 0.0, 0.0, 0.0, 0.0, 0.0], [0.0, 0.0, 0.0, 0.0, 0.0, 0.0, 0.0, 0.0, 0.0, 0.0, 0.0, 0.0, 0.0, 0.0, 0.0, 0.0], [0.0, 0.0, 0.0, 0.0, 0.0, 0.0, 0.0, 0.0, 0.0, 0.0, 0.0, 0.0, 0.0, 0.0, 0.0, 0.0], [0.0, 0.0, 0.0, 0.0, 0.0, 0.0, 0.0, 0.0, 0.0, 0.0, 0.0, 0.0, 0.0, 0.0, 0.0, 0.0], [0.0, 0.0, 0.0, 0.0, 0.0, 0.0, 0.0, 0.0, 0.0, 0.0, 0.0, 0.0, 0.0, 0.0, 0.0, 0.0], [0.0, 0.0, 0.0, 0.0, 0.0, 0.0, 0.0, 0.0, 0.0, 0.0, 0.0, 0.0, 0.0, 0.0, 0.0, 0.0], [0.0, 0.0, 0.0, 0.0, 0.0, 0.0, 0.0, 0.0, 0.0, 0.0, 0.0, 0.0, 0.0, 0.0, 0.0, 0.0], [0.0, 0.0, 0.0, 0.0, 0.0, 0.0, 0.0, 0.0, 0.0, 0.0, 0.0, 0.0, 0.0, 0.0, 0.0, 0.0], [0.0, 0.0, 0.0, 0.0, 0.0, 0.0, 0.0, 0.0, 0.0, 0.0, 0.0, 0.0, 0.0, 0.0, 0.0, 0.0], [0.0, 0.0, 0.0, 0.0, 0.0, 0.0, 0.0, 0.0, 0.0, 0.0, 0.0, 0.0, 0.0, 0.0, 0.0, 0.0], [0.0, 0.0, 0.0, 0.0, 0.0, 0.0, 0.0, 0.0, 0.0, 0.0, 0.0, 0.0, 0.0, 0.0, 0.0, 0.0], [0.0, 0.0, 0.0, 0.0, 0.0, 0.0, 0.0, 0.0, 0.0, 0.0, 0.0, 0.0, 0.0, 0.0, 0.0, 0.0], [0.0, 0.0, 0.0, 0.0, 0.0, 0.0, 0.0, 0.0, 0.0, 0.0, 0.0, 0.0, 0.0, 0.0, 0.0, 0.0], [0.0, 0.0, 0.0, 0.0, 0.0, 0.0, 0.0, 0.0, 0.0, 0.0, 0.0, 0.0, 0.0, 0.0, 0.0, 0.0]], [[1.0, 0.0, 0.0], [1.0, 0.0, 0.0], [-1.0, -1.0, 0.0], [-1.0, 0.0, -1.0], [1.0, 0.0, -1.0], [-1.0, 0.0, -1.0], [-1.0, 0.0, 0.0], [1.0, -1.0, -1.0], [1.0, -1.0, -1.0], [0.0, -1.0, -1.0], [1.0, -1.0, -1.0], [-1.0, 1.0, 1.0], [1.0, 0.0, 1.0], [1.0, 0.0, 0.0], [0.0, 1.0, 0.0], [1.0, -1.0, -1.0]]]
cp_biases=[[0.0, 1.0, 1.0, 0.0, 0.0, -1.0, 1.0, -1.0, 0.0, 1.0, -1.0, 0.0, -1.0, 1.0, -1.0, 1.0], [-1.0, -1.0, 1.0]]
total_time=0.015571180979410808
is_sat=True
train_performance=0.6666667
test_performance=0.283
weights=[[[1.0, 1.0, 1.0, 1.0, 1.0, 1.0, 1.0, 1.0, 1.0, 1.0, 1.0, 1.0, 1.0, 1.0, 1.0, 1.0], [1.0, 1.0, 1.0, 1.0, 1.0, 1.0, 1.0, 1.0, 1.0, 1.0, 1.0, 1.0, 1.0, 1.0, 1.0, 0.0], [0.0, -1.0, -1.0, -1.0, -1.0, -1.0, 1.0, -1.0, 0.0, 0.0, -1.0, 0.0, 0.0, 0.0, 0.0, -1.0], [1.0, -1.0, -1.0, -1.0, 1.0, 1.0, 1.0, -1.0, 1.0, -1.0, -1.0, -1.0, -0.0, -1.0, -1.0, 1.0], [-1.0, 1.0, 1.0, 1.0, -1.0, -1.0, 1.0, 1.0, -1.0, 1.0, 1.0, 1.0, 1.0, 1.0, 1.0, -1.0], [-1.0, 0.0, 0.0, 0.0, 0.0, 0.0, 1.0, 0.0, -1.0, -1.0, 0.0, -1.0, -1.0, -1.0, -1.0, 0.0], [1.0, 1.0, 0.0, 1.0, -0.0, -0.0, 1.0, 1.0, -1.0, 1.0, 1.0, 1.0, 1.0, 1.0, 1.0, -1.0], [1.0, 1.0, 1.0, 1.0, 1.0, 1.0, 1.0, 1.0, 1.0, 1.0, 1.0, 1.0, 1.0, 1.0, 1.0, 1.0], [1.0, 1.0, 1.0, 1.0, 1.0, 1.0, 1.0, 1.0, 1.0, 1.0, 1.0, 1.0, 1.0, 1.0, 1.0, 1.0], [1.0, -1.0, 0.0, -1.0, -1.0, -1.0, 1.0, -1.0, 1.0, 1.0, 1.0, 1.0, 1.0, 1.0, 1.0, 1.0], [1.0, -1.0, -1.0, -1.0, -1.0, -1.0, 1.0, -1.0, 1.0, 0.0, -1.0, 0.0, -0.0, 1.0, -1.0, 1.0], [1.0, 1.0, 1.0, 1.0, 1.0, 1.0, 1.0, 1.0, 1.0, 1.0, -1.0, 0.0, 0.0, 1.0, 1.0, 1.0], [-1.0, 1.0, 1.0, 1.0, 1.0, 1.0, 1.0, 1.0, -1.0, -1.0, -1.0, -1.0, -1.0, -1.0, -1.0, -1.0], [-1.0, -1.0, -1.0, -1.0, -1.0, -1.0, 1.0, -1.0, -1.0, -1.0, -1.0, -1.0, -1.0, -1.0, -1.0, 1.0], [-1.0, -1.0, -1.0, -1.0, -1.0, -1.0, 1.0, -1.0, -1.0, -1.0, -1.0, -1.0, -1.0, -1.0, -1.0, -1.0], [-1.0, -1.0, -1.0, -1.0, -1.0, -1.0, 1.0, -1.0, 1.0, -1.0, -1.0, 0.0, -1.0, -1.0, -1.0, -1.0], [-1.0, -1.0, -1.0, -1.0, -1.0, -1.0, 1.0, -1.0, 1.0, -1.0, -1.0, -1.0, -1.0, -1.0, 0.0, 1.0], [-1.0, -1.0, -1.0, -1.0, 0.0, 0.0, 1.0, -1.0, -1.0, -1.0, 1.0, -1.0, -1.0, -1.0, -1.0, -1.0], [-1.0, -1.0, -1.0, -1.0, -1.0, -1.0, 1.0, -1.0, -1.0, -1.0, 0.0, -1.0, -1.0, 1.0, -1.0, -1.0], [-1.0, -1.0, -1.0, -1.0, 1.0, -1.0, 1.0, -1.0, -1.0, -1.0, -1.0, -1.0, -1.0, -1.0, -1.0, -1.0], [-1.0, -1.0, -1.0, -1.0, -1.0, -1.0, 1.0, -1.0, -1.0, -1.0, -1.0, 1.0, -1.0, -1.0, -1.0, -1.0], [-1.0, 1.0, 1.0, 1.0, 1.0, 1.0, 1.0, 1.0, -1.0, -1.0, -1.0, -1.0, -1.0, -1.0, 0.0, -1.0], [-1.0, -1.0, -1.0, -1.0, -1.0, -1.0, 1.0, -1.0, -1.0, -1.0, -1.0, -1.0, -1.0, -1.0, -1.0, -1.0], [-1.0, -1.0, -1.0, -1.0, -1.0, -1.0, 1.0, -1.0, -1.0, -1.0, -1.0, -1.0, -1.0, -1.0, -1.0, -1.0], [-1.0, -1.0, -1.0, -1.0, -1.0, -1.0, 1.0, -1.0, -1.0, -1.0, -1.0, -1.0, -1.0, -1.0, -1.0, -1.0], [-1.0, -1.0, -1.0, -1.0, -1.0, -1.0, 1.0, -1.0, -1.0, 1.0, -1.0, -1.0, -1.0, -1.0, -1.0, -1.0], [1.0, -1.0, -1.0, -1.0, -1.0, -1.0, 1.0, -1.0, 1.0, 1.0, 1.0, 1.0, 1.0, 1.0, 1.0, 1.0], [-1.0, -1.0, -1.0, -1.0, -1.0, -1.0, 1.0, -1.0, 1.0, 1.0, -1.0, 1.0, 1.0, 1.0, 1.0, 1.0], [1.0, 1.0, 1.0, 1.0, 1.0, -0.0, 1.0, 1.0, 1.0, 1.0, 1.0, 1.0, 1.0, 0.0, 1.0, 1.0], [1.0, 1.0, 1.0, 1.0, 1.0, 1.0, 1.0, 1.0, 1.0, -1.0, 1.0, -1.0, 0.0, 0.0, 1.0, 1.0], [1.0, 1.0, 1.0, 1.0, 1.0, 1.0, 1.0, 1.0, -1.0, 0.0, 1.0, 1.0, 1.0, 1.0, -1.0, 1.0], [1.0, 1.0, 1.0, 1.0, 1.0, 1.0, 1.0, 1.0, 1.0, 1.0, 1.0, 1.0, 1.0, 1.0, 1.0, -1.0], [1.0, 1.0, 1.0, 1.0, -1.0, 1.0, 1.0, 1.0, 1.0, 1.0, 1.0, 1.0, 1.0, 1.0, 1.0, 1.0], [1.0, 1.0, 1.0, 1.0, 1.0, 1.0, 1.0, 1.0, 1.0, 1.0, 1.0, 1.0, 1.0, 1.0, 1.0, 0.0], [0.0, 0.0, 0.0, 0.0, 0.0, 0.0, 0.0, 0.0, 0.0, 0.0, 0.0, 0.0, 0.0, 0.0, 0.0, 0.0], [0.0, 0.0, 0.0, 0.0, 0.0, 0.0, 0.0, 0.0, 0.0, 0.0, 0.0, 0.0, 0.0, 0.0, 0.0, 0.0], [0.0, 0.0, 0.0, 0.0, 0.0, 0.0, 0.0, 0.0, 0.0, 0.0, 0.0, 0.0, 0.0, 0.0, 0.0, 0.0], [0.0, 0.0, 0.0, 0.0, 0.0, 0.0, 0.0, 0.0, 0.0, 0.0, 0.0, 0.0, 0.0, 0.0, 0.0, 0.0], [0.0, 0.0, 0.0, 0.0, 0.0, 0.0, 0.0, 0.0, 0.0, 0.0, 0.0, 0.0, 0.0, 0.0, 0.0, 0.0], [0.0, 0.0, 0.0, 0.0, 0.0, 0.0, 0.0, 0.0, 0.0, 0.0, 0.0, 0.0, 0.0, 0.0, 0.0, 0.0], [0.0, 0.0, 0.0, 0.0, 0.0, 0.0, 0.0, 0.0, 0.0, 0.0, 0.0, 0.0, 0.0, 0.0, 0.0, 0.0], [0.0, 0.0, 0.0, 0.0, 0.0, 0.0, 0.0, 0.0, 0.0, 0.0, 0.0, 0.0, 0.0, 0.0, 0.0, 0.0], [0.0, 0.0, 0.0, 0.0, 0.0, 0.0, 0.0, 0.0, 0.0, 0.0, 0.0, 0.0, 0.0, 0.0, 0.0, 0.0], [0.0, 0.0, 0.0, 0.0, 0.0, 0.0, 0.0, 0.0, 0.0, 0.0, 0.0, 0.0, 0.0, 0.0, 0.0, 0.0], [0.0, 0.0, 0.0, 0.0, 0.0, 0.0, 0.0, 0.0, 0.0, 0.0, 0.0, 0.0, 0.0, 0.0, 0.0, 0.0], [0.0, 0.0, 0.0, 0.0, 0.0, 0.0, 0.0, 0.0, 0.0, 0.0, 0.0, 0.0, 0.0, 0.0, 0.0, 0.0], [0.0, 0.0, 0.0, 0.0, 0.0, 0.0, 0.0, 0.0, 0.0, 0.0, 0.0, 0.0, 0.0, 0.0, 0.0, 0.0], [0.0, 0.0, 0.0, 0.0, 0.0, 0.0, 0.0, 0.0, 0.0, 0.0, 0.0, 0.0, 0.0, 0.0, 0.0, 0.0], [0.0, 0.0, 0.0, 0.0, 0.0, 0.0, 0.0, 0.0, 0.0, 0.0, 0.0, 0.0, 0.0, 0.0, 0.0, 0.0], [0.0, 0.0, 0.0, 0.0, 0.0, 0.0, 0.0, 0.0, 0.0, 0.0, 0.0, 0.0, 0.0, 0.0, 0.0, 0.0]], [[0.0, -1.0, -1.0], [0.0, 1.0, 1.0], [0.0, 1.0, 1.0], [0.0, -1.0, -1.0], [0.0, -1.0, -1.0], [0.0, -1.0, -1.0], [1.0, 1.0, 1.0], [0.0, -1.0, -1.0], [1.0, 1.0, 1.0], [-1.0, 1.0, 1.0], [-1.0, 1.0, 1.0], [1.0, -1.0, -1.0], [1.0, 0.0, 0.0], [-1.0, -1.0, -1.0], [-1.0, 1.0, 1.0], [1.0, 1.0, 1.0]]]
biases=[[-1.0, -1.0, -1.0, -1.0, -1.0, -1.0, 1.0, -1.0, 1.0, 0.0, -1.0, -1.0, 1.0, -1.0, 1.0, 0.0], [-1.0, -1.0, -1.0]]
