solver=hw_m
n_hidden_layers=2
examples_per_class=1
examples_skip=0
time_out=5
cp_total_time=0.001679205894470215
cp_is_sat=True
cp_num_branches=876
cp_num_vars=883
mip_is_sat=True
mip_objective=3099953.974003002
mip_bound=3100019.9829999986
mip_gap=2.129354098484399e-05
mip_is_optimal=True
mip_num_nodes=583.0
mip_num_vars=1363
cp_weights=[[[0.0, 0.0, 0.0, -1.0, -1.0, 0.0, 0.0, -1.0, 1.0, 1.0, -1.0, 1.0, -1.0, 1.0, -1.0, 1.0], [-1.0, -1.0, -1.0, -1.0, 1.0, 1.0, 1.0, -1.0, 0.0, 0.0, 1.0, -1.0, 0.0, 0.0, 1.0, 1.0], [-1.0, 1.0, 1.0, -1.0, 1.0, 1.0, -1.0, 1.0, 1.0, 1.0, -1.0, 0.0, -1.0, 0.0, -1.0, 1.0], [-1.0, 1.0, 1.0, -1.0, 0.0, -1.0, 1.0, 1.0, -1.0, 1.0, 1.0, -1.0, -1.0, 1.0, 1.0, 1.0], [1.0, 0.0, 0.0, 1.0, 1.0, 0.0, -1.0, -1.0, -1.0, 0.0, 1.0, -1.0, 0.0, 0.0, 1.0, -1.0], [-1.0, 0.0, -1.0, -1.0, -1.0, 0.0, 0.0, 1.0, 0.0, 0.0, 0.0, 1.0, -1.0, -1.0, 1.0, 1.0], [0.0, 0.0, 1.0, -1.0, -1.0, 1.0, -1.0, -1.0, 0.0, -1.0, 1.0, 1.0, -1.0, -1.0, 0.0, 1.0], [0.0, 0.0, 1.0, 0.0, -1.0, -1.0, -1.0, 1.0, 0.0, -1.0, -1.0, 1.0, 1.0, 1.0, 0.0, 1.0], [0.0, 0.0, -1.0, -1.0, -1.0, 0.0, 1.0, -1.0, 0.0, -1.0, 1.0, 1.0, -1.0, -1.0, 1.0, 0.0], [0.0, 1.0, 0.0, -1.0, 0.0, 0.0, 1.0, 1.0, 1.0, 0.0, 0.0, -1.0, 0.0, -1.0, 0.0, -1.0], [1.0, -1.0, 0.0, 1.0, -1.0, -1.0, -1.0, 1.0, -1.0, -1.0, 0.0, -1.0, 0.0, 0.0, 0.0, 0.0], [1.0, 1.0, 0.0, 0.0, -1.0, 0.0, -1.0, 1.0, -1.0, 0.0, -1.0, 1.0, 1.0, 1.0, 1.0, 0.0], [0.0, 0.0, -1.0, -1.0, -1.0, 1.0, 1.0, -1.0, -1.0, 1.0, -1.0, -1.0, 1.0, 0.0, -1.0, 0.0], [1.0, 0.0, 0.0, 1.0, -1.0, 0.0, 0.0, 0.0, -1.0, -1.0, 1.0, 1.0, 1.0, 1.0, 1.0, 0.0], [0.0, -1.0, 1.0, 1.0, 1.0, -1.0, -1.0, 1.0, 1.0, 0.0, 0.0, 1.0, 0.0, 0.0, -1.0, 1.0], [0.0, 0.0, 0.0, 1.0, -1.0, 1.0, 0.0, 1.0, -1.0, 1.0, 0.0, -1.0, 0.0, 1.0, -1.0, 1.0], [-1.0, -1.0, -1.0, 1.0, -1.0, 0.0, 1.0, 0.0, 1.0, -1.0, -1.0, 0.0, -1.0, 1.0, 0.0, -1.0], [-1.0, 0.0, -1.0, 0.0, 0.0, 0.0, -1.0, 0.0, -1.0, 1.0, -1.0, -1.0, 1.0, 1.0, -1.0, -1.0], [-1.0, 1.0, 1.0, -1.0, -1.0, -1.0, 0.0, 1.0, -1.0, 0.0, -1.0, -1.0, -1.0, 0.0, -1.0, 0.0], [0.0, -1.0, 1.0, -1.0, -1.0, 1.0, 0.0, 0.0, -1.0, 0.0, -1.0, -1.0, 0.0, -1.0, -1.0, 0.0], [1.0, -1.0, -1.0, -1.0, 1.0, -1.0, 0.0, -1.0, -1.0, 1.0, -1.0, 1.0, 0.0, -1.0, 0.0, 1.0], [0.0, 1.0, 0.0, 0.0, -1.0, 0.0, -1.0, 0.0, 0.0, 0.0, 1.0, 0.0, 0.0, -1.0, 1.0, -1.0], [-1.0, 1.0, 1.0, 1.0, 1.0, 1.0, 0.0, -1.0, -1.0, 1.0, -1.0, 1.0, 0.0, 0.0, 1.0, -1.0], [-1.0, 1.0, 0.0, -1.0, 1.0, 0.0, 0.0, 0.0, 0.0, 0.0, 1.0, -1.0, -1.0, 0.0, 0.0, -1.0], [0.0, 1.0, 0.0, 1.0, 1.0, 1.0, 0.0, 0.0, 1.0, -1.0, 1.0, 1.0, 1.0, -1.0, 0.0, 1.0], [1.0, 1.0, -1.0, 1.0, 1.0, 1.0, -1.0, 0.0, 1.0, 1.0, 1.0, 0.0, 0.0, 1.0, 1.0, -1.0], [1.0, 0.0, 0.0, 0.0, 0.0, 1.0, 0.0, 0.0, 0.0, 1.0, 1.0, -1.0, -1.0, -1.0, 1.0, -1.0], [-1.0, 0.0, 0.0, -1.0, 1.0, 0.0, 1.0, 0.0, -1.0, 0.0, 1.0, 0.0, 0.0, -1.0, -1.0, 1.0], [0.0, 0.0, 1.0, 0.0, 1.0, 1.0, 0.0, 1.0, 1.0, -1.0, 1.0, -1.0, 1.0, -1.0, -1.0, 0.0], [-1.0, 1.0, 1.0, -1.0, -1.0, 0.0, 0.0, -1.0, 1.0, 1.0, 0.0, -1.0, -1.0, 0.0, -1.0, 0.0], [-1.0, -1.0, -1.0, -1.0, 0.0, 1.0, 0.0, 0.0, -1.0, 0.0, 0.0, -1.0, 1.0, -1.0, 0.0, -1.0], [-1.0, 0.0, -1.0, 1.0, -1.0, 1.0, 0.0, 1.0, -1.0, 0.0, -1.0, 0.0, 1.0, -1.0, 0.0, 1.0], [1.0, 0.0, -1.0, 1.0, -1.0, 0.0, 0.0, 1.0, 0.0, 0.0, 0.0, 1.0, -1.0, -1.0, 1.0, -1.0], [1.0, -1.0, -1.0, 1.0, -1.0, 1.0, -1.0, 1.0, 0.0, 0.0, 1.0, 0.0, -1.0, -1.0, 0.0, 1.0], [0.0, 0.0, 0.0, 0.0, 0.0, 0.0, 0.0, 0.0, 0.0, 0.0, 0.0, 0.0, 0.0, 0.0, 0.0, 0.0], [0.0, 0.0, 0.0, 0.0, 0.0, 0.0, 0.0, 0.0, 0.0, 0.0, 0.0, 0.0, 0.0, 0.0, 0.0, 0.0], [0.0, 0.0, 0.0, 0.0, 0.0, 0.0, 0.0, 0.0, 0.0, 0.0, 0.0, 0.0, 0.0, 0.0, 0.0, 0.0], [0.0, 0.0, 0.0, 0.0, 0.0, 0.0, 0.0, 0.0, 0.0, 0.0, 0.0, 0.0, 0.0, 0.0, 0.0, 0.0], [0.0, 0.0, 0.0, 0.0, 0.0, 0.0, 0.0, 0.0, 0.0, 0.0, 0.0, 0.0, 0.0, 0.0, 0.0, 0.0], [0.0, 0.0, 0.0, 0.0, 0.0, 0.0, 0.0, 0.0, 0.0, 0.0, 0.0, 0.0, 0.0, 0.0, 0.0, 0.0], [0.0, 0.0, 0.0, 0.0, 0.0, 0.0, 0.0, 0.0, 0.0, 0.0, 0.0, 0.0, 0.0, 0.0, 0.0, 0.0], [0.0, 0.0, 0.0, 0.0, 0.0, 0.0, 0.0, 0.0, 0.0, 0.0, 0.0, 0.0, 0.0, 0.0, 0.0, 0.0], [0.0, 0.0, 0.0, 0.0, 0.0, 0.0, 0.0, 0.0, 0.0, 0.0, 0.0, 0.0, 0.0, 0.0, 0.0, 0.0], [0.0, 0.0, 0.0, 0.0, 0.0, 0.0, 0.0, 0.0, 0.0, 0.0, 0.0, 0.0, 0.0, 0.0, 0.0, 0.0], [0.0, 0.0, 0.0, 0.0, 0.0, 0.0, 0.0, 0.0, 0.0, 0.0, 0.0, 0.0, 0.0, 0.0, 0.0, 0.0], [0.0, 0.0, 0.0, 0.0, 0.0, 0.0, 0.0, 0.0, 0.0, 0.0, 0.0, 0.0, 0.0, 0.0, 0.0, 0.0], [0.0, 0.0, 0.0, 0.0, 0.0, 0.0, 0.0, 0.0, 0.0, 0.0, 0.0, 0.0, 0.0, 0.0, 0.0, 0.0], [0.0, 0.0, 0.0, 0.0, 0.0, 0.0, 0.0, 0.0, 0.0, 0.0, 0.0, 0.0, 0.0, 0.0, 0.0, 0.0], [0.0, 0.0, 0.0, 0.0, 0.0, 0.0, 0.0, 0.0, 0.0, 0.0, 0.0, 0.0, 0.0, 0.0, 0.0, 0.0], [0.0, 0.0, 0.0, 0.0, 0.0, 0.0, 0.0, 0.0, 0.0, 0.0, 0.0, 0.0, 0.0, 0.0, 0.0, 0.0]], [[-1.0, 0.0, -1.0, -1.0, 1.0, 0.0, 1.0, 1.0, -1.0, 1.0, -1.0, 0.0, -1.0, -1.0, 0.0, -1.0], [1.0, 0.0, 1.0, -1.0, 0.0, 1.0, -1.0, -1.0, -1.0, -1.0, -1.0, 1.0, 1.0, 0.0, -1.0, -1.0], [1.0, 0.0, 1.0, -1.0, -1.0, -1.0, 0.0, 0.0, 1.0, 0.0, 1.0, 1.0, -1.0, 1.0, -1.0, -1.0], [-1.0, -1.0, 0.0, 1.0, -1.0, 0.0, -1.0, -1.0, 1.0, 0.0, -1.0, 1.0, 0.0, 1.0, 0.0, -1.0], [-1.0, 1.0, -1.0, 0.0, 1.0, 0.0, 0.0, -1.0, 1.0, -1.0, 1.0, -1.0, 1.0, 1.0, 0.0, 0.0], [0.0, 1.0, 1.0, 0.0, 1.0, 1.0, -1.0, 0.0, 0.0, 0.0, 1.0, -1.0, -1.0, 0.0, 1.0, 0.0], [1.0, 1.0, -1.0, 1.0, 1.0, -1.0, 1.0, 1.0, -1.0, 1.0, 1.0, 0.0, 0.0, -1.0, 1.0, 0.0], [1.0, 1.0, -1.0, 0.0, 0.0, -1.0, 0.0, 1.0, 0.0, -1.0, -1.0, 0.0, -1.0, -1.0, 0.0, -1.0], [-1.0, 0.0, -1.0, -1.0, 0.0, -1.0, 0.0, 1.0, 1.0, -1.0, 0.0, 1.0, 1.0, 0.0, -1.0, 1.0], [1.0, 0.0, 0.0, 1.0, 1.0, 1.0, -1.0, 0.0, 1.0, 1.0, 1.0, 1.0, -1.0, 0.0, 0.0, -1.0], [0.0, 1.0, 0.0, -1.0, 0.0, 0.0, 1.0, 1.0, -1.0, 0.0, 0.0, 1.0, -1.0, 1.0, 1.0, -1.0], [1.0, -1.0, 1.0, -1.0, 1.0, -1.0, 1.0, -1.0, 0.0, 0.0, 1.0, 0.0, 1.0, 0.0, 1.0, 0.0], [1.0, 0.0, 1.0, 0.0, -1.0, 1.0, -1.0, 0.0, 1.0, 1.0, 1.0, 1.0, -1.0, -1.0, 1.0, 0.0], [0.0, 1.0, 0.0, 0.0, 0.0, 1.0, -1.0, 1.0, 0.0, -1.0, -1.0, -1.0, 0.0, -1.0, 0.0, 1.0], [-1.0, -1.0, 1.0, -1.0, -1.0, 1.0, -1.0, -1.0, 1.0, 1.0, -1.0, -1.0, 1.0, 1.0, -1.0, 1.0], [0.0, -1.0, -1.0, 0.0, 0.0, 1.0, -1.0, 0.0, 1.0, 0.0, 0.0, 0.0, 1.0, 0.0, 1.0, -1.0]], [[1.0, 0.0, -1.0], [0.0, -1.0, 0.0], [0.0, 1.0, -1.0], [-1.0, 0.0, -1.0], [-1.0, 0.0, -1.0], [-1.0, 1.0, 1.0], [1.0, 0.0, -1.0], [1.0, -1.0, 1.0], [0.0, 0.0, 1.0], [1.0, 0.0, -1.0], [0.0, 1.0, -1.0], [1.0, 1.0, -1.0], [-1.0, 0.0, 1.0], [-1.0, 1.0, 1.0], [-1.0, 0.0, 0.0], [0.0, 1.0, 1.0]]]
cp_biases=[[-1.0, 1.0, -1.0, 0.0, -1.0, -1.0, 1.0, 1.0, 1.0, 1.0, -1.0, -1.0, 1.0, -1.0, 0.0, 1.0], [-1.0, 1.0, 0.0, -1.0, -1.0, 0.0, -1.0, -1.0, 1.0, -1.0, -1.0, -1.0, 1.0, -1.0, 1.0, 1.0], [1.0, -1.0, 1.0]]
total_time=0.0984972318013509
is_sat=True
train_performance=0.6666667
test_performance=0.261
weights=[[[-1.0, 0.0, -1.0, -1.0, 0.0, 1.0, -1.0, -1.0, -1.0, 1.0, 1.0, 1.0, 1.0, 1.0, -1.0, -1.0], [1.0, 1.0, 1.0, 1.0, 1.0, 1.0, 0.0, 0.0, -1.0, 1.0, -1.0, -1.0, 1.0, 1.0, -1.0, 0.0], [1.0, 1.0, 1.0, 1.0, 1.0, -1.0, 1.0, 1.0, 1.0, -1.0, 0.0, -1.0, -1.0, -1.0, 1.0, 1.0], [0.0, -1.0, -1.0, -1.0, -1.0, -1.0, -1.0, 1.0, -1.0, 1.0, 0.0, 0.0, -1.0, -1.0, -1.0, -1.0], [-1.0, 1.0, 1.0, 1.0, 1.0, 1.0, 1.0, -1.0, 1.0, -1.0, 1.0, 1.0, 1.0, 1.0, 1.0, 1.0], [0.0, -1.0, 0.0, 0.0, -1.0, 0.0, 0.0, 0.0, 0.0, 0.0, -1.0, 0.0, 0.0, 0.0, 0.0, 0.0], [1.0, 1.0, 1.0, 1.0, 1.0, 1.0, 1.0, -1.0, 1.0, -1.0, 1.0, 1.0, 1.0, 1.0, 1.0, 1.0], [1.0, 1.0, 1.0, 1.0, 1.0, 1.0, 1.0, -1.0, 1.0, 1.0, 1.0, -1.0, 1.0, 1.0, 1.0, 1.0], [1.0, -1.0, 1.0, 1.0, 1.0, 1.0, 1.0, 1.0, 1.0, -1.0, 1.0, -1.0, 1.0, 1.0, 1.0, -1.0], [1.0, 1.0, 1.0, 1.0, 1.0, 1.0, 1.0, 0.0, 1.0, -1.0, 0.0, -1.0, 1.0, 1.0, -1.0, -1.0], [0.0, 1.0, 0.0, -1.0, -1.0, -1.0, -1.0, -1.0, 0.0, 1.0, -1.0, -1.0, -1.0, -1.0, 1.0, 1.0], [-1.0, -1.0, 1.0, 1.0, -1.0, -1.0, 1.0, 0.0, 1.0, 0.0, 1.0, -1.0, 1.0, 1.0, 1.0, -1.0], [-1.0, -1.0, -1.0, -1.0, 1.0, -1.0, -1.0, 0.0, -1.0, 1.0, 1.0, -1.0, -1.0, -1.0, 1.0, 1.0], [-1.0, -1.0, -1.0, -1.0, -1.0, -1.0, -1.0, 0.0, 0.0, -1.0, -1.0, 1.0, -1.0, -1.0, -1.0, -1.0], [-1.0, -1.0, -1.0, -1.0, -1.0, -1.0, -1.0, 1.0, -1.0, 1.0, -1.0, 1.0, -1.0, -1.0, 0.0, 1.0], [1.0, 1.0, -1.0, -1.0, -1.0, -1.0, 0.0, 1.0, -1.0, -1.0, -1.0, 1.0, -1.0, -1.0, -1.0, 1.0], [1.0, 1.0, -1.0, -1.0, -1.0, -1.0, -1.0, -1.0, 1.0, 0.0, -1.0, -1.0, 0.0, 0.0, -1.0, -1.0], [-1.0, 0.0, -1.0, -1.0, -1.0, 1.0, -1.0, -1.0, -1.0, 1.0, -1.0, 1.0, -1.0, -1.0, -1.0, -1.0], [1.0, -1.0, 1.0, -1.0, -1.0, -1.0, -1.0, -1.0, 1.0, 0.0, 1.0, -1.0, -1.0, 1.0, 0.0, 1.0], [1.0, -1.0, -1.0, -1.0, -1.0, -1.0, -1.0, -1.0, -1.0, -1.0, -1.0, -1.0, 0.0, 1.0, -1.0, -1.0], [1.0, -1.0, 1.0, 1.0, -1.0, 1.0, -1.0, -1.0, 0.0, 1.0, 1.0, -1.0, 0.0, -1.0, -1.0, -1.0], [-1.0, -1.0, 1.0, -1.0, -1.0, -1.0, -1.0, 0.0, -1.0, -1.0, -1.0, -1.0, -1.0, 1.0, -1.0, -1.0], [-1.0, -1.0, -1.0, -1.0, -1.0, -1.0, -1.0, -1.0, -1.0, -1.0, -1.0, -1.0, -1.0, -1.0, -1.0, -1.0], [-1.0, -1.0, -1.0, -1.0, -1.0, -1.0, -1.0, -1.0, -1.0, -1.0, -1.0, -1.0, -1.0, -1.0, -1.0, 0.0], [-1.0, -1.0, -1.0, -1.0, -1.0, -1.0, -1.0, 1.0, -1.0, -1.0, 1.0, 1.0, 1.0, -1.0, -1.0, 1.0], [-1.0, 0.0, -1.0, 0.0, 1.0, -1.0, -1.0, 1.0, 0.0, -1.0, -1.0, -1.0, -1.0, -1.0, -1.0, -1.0], [-1.0, -1.0, -1.0, -1.0, -1.0, 1.0, 1.0, 1.0, 1.0, -1.0, -1.0, -1.0, 1.0, -1.0, -1.0, -1.0], [1.0, 1.0, 1.0, 1.0, 1.0, 1.0, 1.0, 1.0, 1.0, -1.0, 1.0, -1.0, 1.0, -1.0, 1.0, -1.0], [1.0, 1.0, 1.0, 1.0, 1.0, 1.0, 0.0, 1.0, 1.0, 1.0, 1.0, 0.0, 1.0, 1.0, 1.0, -1.0], [0.0, 1.0, 1.0, 1.0, 1.0, 1.0, 1.0, -1.0, 1.0, 1.0, 1.0, 1.0, -1.0, 1.0, 1.0, 1.0], [1.0, 1.0, 1.0, 1.0, 1.0, 1.0, 1.0, -1.0, 0.0, 0.0, 1.0, 1.0, 1.0, 0.0, 1.0, 1.0], [1.0, 1.0, 1.0, 1.0, 1.0, 1.0, 1.0, -1.0, 1.0, 1.0, 1.0, 1.0, 0.0, 1.0, 1.0, 1.0], [-1.0, 1.0, -1.0, 0.0, 0.0, -1.0, 0.0, 0.0, 1.0, 1.0, 1.0, 1.0, 0.0, 1.0, 0.0, 1.0], [1.0, 0.0, 1.0, 1.0, 1.0, 1.0, 1.0, 1.0, -1.0, 1.0, -1.0, 1.0, 1.0, 1.0, 1.0, 1.0], [0.0, 0.0, 0.0, 0.0, 0.0, 0.0, 0.0, 0.0, 0.0, 0.0, 0.0, 0.0, 0.0, 0.0, 0.0, 0.0], [0.0, 0.0, 0.0, 0.0, 0.0, 0.0, 0.0, 0.0, 0.0, 0.0, 0.0, 0.0, 0.0, 0.0, 0.0, 0.0], [0.0, 0.0, 0.0, 0.0, 0.0, 0.0, 0.0, 0.0, 0.0, 0.0, 0.0, 0.0, 0.0, 0.0, 0.0, 0.0], [0.0, 0.0, 0.0, 0.0, 0.0, 0.0, 0.0, 0.0, 0.0, 0.0, 0.0, 0.0, 0.0, 0.0, 0.0, 0.0], [0.0, 0.0, 0.0, 0.0, 0.0, 0.0, 0.0, 0.0, 0.0, 0.0, 0.0, 0.0, 0.0, 0.0, 0.0, 0.0], [0.0, 0.0, 0.0, 0.0, 0.0, 0.0, 0.0, 0.0, 0.0, 0.0, 0.0, 0.0, 0.0, 0.0, 0.0, 0.0], [0.0, 0.0, 0.0, 0.0, 0.0, 0.0, 0.0, 0.0, 0.0, 0.0, 0.0, 0.0, 0.0, 0.0, 0.0, 0.0], [0.0, 0.0, 0.0, 0.0, 0.0, 0.0, 0.0, 0.0, 0.0, 0.0, 0.0, 0.0, 0.0, 0.0, 0.0, 0.0], [0.0, 0.0, 0.0, 0.0, 0.0, 0.0, 0.0, 0.0, 0.0, 0.0, 0.0, 0.0, 0.0, 0.0, 0.0, 0.0], [0.0, 0.0, 0.0, 0.0, 0.0, 0.0, 0.0, 0.0, 0.0, 0.0, 0.0, 0.0, 0.0, 0.0, 0.0, 0.0], [0.0, 0.0, 0.0, 0.0, 0.0, 0.0, 0.0, 0.0, 0.0, 0.0, 0.0, 0.0, 0.0, 0.0, 0.0, 0.0], [0.0, 0.0, 0.0, 0.0, 0.0, 0.0, 0.0, 0.0, 0.0, 0.0, 0.0, 0.0, 0.0, 0.0, 0.0, 0.0], [0.0, 0.0, 0.0, 0.0, 0.0, 0.0, 0.0, 0.0, 0.0, 0.0, 0.0, 0.0, 0.0, 0.0, 0.0, 0.0], [0.0, 0.0, 0.0, 0.0, 0.0, 0.0, 0.0, 0.0, 0.0, 0.0, 0.0, 0.0, 0.0, 0.0, 0.0, 0.0], [0.0, 0.0, 0.0, 0.0, 0.0, 0.0, 0.0, 0.0, 0.0, 0.0, 0.0, 0.0, 0.0, 0.0, 0.0, 0.0], [0.0, 0.0, 0.0, 0.0, 0.0, 0.0, 0.0, 0.0, 0.0, 0.0, 0.0, 0.0, 0.0, 0.0, 0.0, 0.0]], [[-1.0, 1.0, 1.0, 0.0, 1.0, -1.0, 1.0, 1.0, -1.0, 1.0, 1.0, 1.0, -1.0, -1.0, 1.0, -1.0], [1.0, 1.0, -1.0, 1.0, 1.0, 1.0, 1.0, 1.0, -1.0, 1.0, 1.0, -1.0, 1.0, 1.0, 1.0, -1.0], [1.0, 1.0, 1.0, -1.0, 1.0, 1.0, 1.0, 1.0, -1.0, 1.0, 1.0, -1.0, 1.0, 1.0, 1.0, 1.0], [-1.0, -1.0, -1.0, -1.0, -1.0, -1.0, 1.0, 1.0, -1.0, -1.0, -1.0, 1.0, 1.0, -1.0, 1.0, 1.0], [1.0, 1.0, 1.0, -1.0, -1.0, 1.0, -1.0, -1.0, -1.0, 1.0, 1.0, -1.0, -1.0, 1.0, -1.0, -1.0], [-1.0, -1.0, 1.0, -1.0, 1.0, -1.0, -1.0, 1.0, -1.0, -1.0, -1.0, -1.0, 1.0, 1.0, -1.0, -1.0], [1.0, -1.0, -1.0, 1.0, -1.0, -1.0, -1.0, 0.0, -1.0, -1.0, -1.0, 1.0, 1.0, -1.0, 0.0, -1.0], [1.0, -1.0, 1.0, 1.0, -1.0, -1.0, 1.0, 1.0, -1.0, 1.0, 1.0, -1.0, -1.0, -1.0, -1.0, 1.0], [1.0, 1.0, 1.0, -1.0, -1.0, -1.0, -1.0, -1.0, -1.0, -1.0, -1.0, -1.0, 1.0, 1.0, -1.0, 0.0], [-1.0, -1.0, -1.0, -1.0, -1.0, 1.0, -1.0, 1.0, -1.0, -1.0, -1.0, -1.0, 0.0, 1.0, -1.0, 1.0], [-1.0, -1.0, -1.0, -1.0, -1.0, -1.0, -1.0, -1.0, -1.0, -1.0, -1.0, -1.0, -1.0, -1.0, 1.0, -1.0], [-1.0, -1.0, -1.0, 1.0, -1.0, -1.0, 1.0, -1.0, -1.0, -1.0, 1.0, 1.0, -1.0, -1.0, 1.0, 1.0], [-1.0, -1.0, -1.0, 1.0, 1.0, 1.0, 0.0, -1.0, -1.0, 1.0, 1.0, 1.0, -1.0, 0.0, 1.0, 1.0], [1.0, 1.0, 1.0, 1.0, 1.0, 1.0, 1.0, -1.0, -1.0, 1.0, -1.0, 0.0, -1.0, 1.0, -1.0, 1.0], [-1.0, 1.0, -1.0, -1.0, 1.0, 1.0, -1.0, -1.0, -1.0, -1.0, 0.0, 1.0, -1.0, -1.0, -1.0, -1.0], [1.0, 1.0, 1.0, 1.0, 1.0, 1.0, 1.0, -1.0, -1.0, 0.0, 1.0, 1.0, 1.0, -1.0, -1.0, -1.0]], [[0.0, 1.0, 1.0], [0.0, -1.0, -1.0], [0.0, 1.0, 1.0], [0.0, 1.0, 1.0], [0.0, 1.0, 1.0], [0.0, 1.0, 1.0], [0.0, 1.0, 1.0], [0.0, 1.0, 1.0], [1.0, 1.0, 1.0], [0.0, -1.0, -1.0], [0.0, -1.0, -1.0], [0.0, -1.0, -1.0], [0.0, -1.0, -1.0], [0.0, -1.0, -1.0], [0.0, -1.0, -1.0], [0.0, 0.0, 0.0]]]
biases=[[1.0, 1.0, -1.0, -1.0, 1.0, -1.0, 1.0, -1.0, 1.0, -1.0, -1.0, -1.0, -1.0, -1.0, 1.0, 0.0], [0.0, 0.0, 0.0, -1.0, 0.0, 0.0, 1.0, -1.0, 1.0, -1.0, 1.0, -1.0, -1.0, -1.0, -1.0, -1.0], [-1.0, -1.0, -1.0]]
