solver=gd_t
n_hidden_layers=0
examples_per_class=2
examples_skip=0
time_out=5
lr=0.001
tf_seed=3
train_performance=1.0
test_performance=0.2415
total_time=0.021773219108581543
is_sat=True
weights=[[[0.5, -0.5, 0.0], [0.0, 0.0, 0.0], [0.0, 0.0, 0.0], [0.0, 0.0, -0.5], [0.0, 0.0, 0.0], [0.0, 0.0, 0.0], [0.0, 0.0, 0.0], [0.0, 0.0, 0.0], [0.0, 0.0, 0.0], [-0.4999999403953552, 0.0, 0.0], [0.0, 0.0, 0.0], [0.0, 7.450580596923828e-09, 0.0], [0.0, 0.0, 0.0], [0.0, 0.0, 0.0], [0.0, 0.4999999701976776, 0.0], [0.0, 0.0, 0.0], [0.0, 0.0, 0.0], [0.0, 0.0, 0.0], [0.0, 0.0, 0.0], [0.0, 0.0, 0.0], [0.0, 0.0, 0.0], [-0.4999999701976776, 0.0, 0.0], [0.0, 0.0, 0.0], [-0.5, 0.0, 0.0], [0.0, -7.450580596923828e-09, 0.0], [0.5, -0.5, 0.0], [0.0, 0.0, 0.0], [0.0, 0.0, 0.0], [0.0, 0.0, 0.0], [0.0, 0.0, 0.0], [0.0, 0.0, 0.0], [0.0, 0.0, 0.4999999701976776], [0.0, 0.0, 0.5], [0.0, 0.0, 0.0], [0.0, 0.0, 0.5], [0.0, 0.0, 0.5], [0.0, -0.5, 0.0], [0.0, -0.5, 0.0], [0.0, 0.0, 0.0], [-0.5, 0.0, 0.0], [0.0, 0.0, 0.0], [0.0, 0.0, 0.0], [0.0, 0.0, 0.0], [0.0, 0.0, 0.0], [0.0, 0.0, 0.0], [0.0, 0.0, 0.0], [0.0, 0.0, 0.0], [0.0, 0.0, 0.0], [0.0, 0.0, 0.0], [0.0, 0.0, 0.0]]]
biases=[[0.0, 0.0, 0.0]]
