solver=gd_t
n_hidden_layers=1
examples_per_class=2
examples_skip=0
time_out=5
lr=0.001
tf_seed=2
train_performance=0.0
test_performance=0.0
total_time=0.029031952222188313
is_sat=False
weights=[[[1.862645149230957e-09, 0.0, -2.9103830456733704e-10, 0.0, -9.313225746154785e-10, 0.0, 4.3655745685100555e-10, 0.0, 0.0, 0.0, 1.862645149230957e-09, 0.0, 1.4551915228366852e-09, 3.725290298461914e-09, 3.725290298461914e-09, 0.0], [0.0, 0.0, 0.0, 0.5, 0.0, -2.7939677238464355e-09, 0.0, 0.0, 0.0, 0.0, -1.862645149230957e-09, 0.0, 0.0, 0.0, -1.862645149230957e-09, 0.0], [0.0, 0.0, 0.0, 0.0, 2.7939677238464355e-09, 0.0, 0.0, 0.0, 0.0, 0.0, 0.0, 0.0, 1.862645149230957e-09, 0.0, 0.0, 0.0], [0.0, 0.0, 0.0, 0.5, 0.0, 0.0, 0.0, 0.0, 0.0, 0.0, 0.0, 0.0, 0.0, 4.656612873077393e-10, 0.0, -1.3969838619232178e-09], [0.0, 0.0, 0.0, 1.0, 4.6566128730773926e-09, 0.0, 0.0, 0.0, 0.0, 0.0, 0.0, 0.0, 0.0, 0.0, 0.0, 0.0], [0.0, 0.0, 0.0, 1.862645149230957e-09, 0.0, 0.0, 0.0, 0.0, 0.0, 1.0, 0.0, 0.0, 0.0, 0.0, 0.0, 0.0], [0.0, 0.0, 0.0, 0.0, -7.450580596923828e-09, 0.0, 1.862645149230957e-09, 3.725290298461914e-09, 0.0, 0.0, 0.0, 0.0, 0.0, 0.0, 0.0, -3.725290298461914e-09], [-1.862645149230957e-09, 0.0, 0.0, 1.0, 0.0, 0.0, 7.450580596923828e-09, 0.0, 0.5, 0.0, -1.862645149230957e-09, 0.0, -3.725290298461914e-09, 0.0, 0.0, 0.0], [0.0, 0.0, 0.0, 0.0, 0.0, 0.0, 0.0, 0.0, 0.0, 0.0, 0.0, 0.0, 0.0, 0.0, 0.0, 0.0], [-1.862645149230957e-09, 0.0, -1.3969838619232178e-09, 0.5, 0.0, 0.0, 1.0477378964424133e-09, 0.0, 0.0, -1.0, 0.0, 0.0, 0.0, 7.450580596923828e-09, 0.0, 0.0], [0.0, -1.862645149230957e-09, 0.0, 1.0, 0.0, 0.0, 0.0, 0.0, 0.0, -1.0, 0.0, 0.0, 0.0, -8.149072527885437e-10, 0.0, 0.0], [0.0, 0.0, 0.0, 1.0, 0.0, 0.0, 0.0, 0.0, 0.0, 0.0, 3.725290298461914e-09, 0.0, -7.450580596923828e-09, 0.0, 9.313225746154785e-10, 0.0], [0.0, -4.656612873077393e-10, 0.0, 0.9999999403953552, 0.0, 0.0, 0.0, 0.0, 0.0, -1.0, -3.259629011154175e-09, 0.0, 0.0, 9.313225746154785e-10, 0.0, 0.0], [0.0, -2.3283064365386963e-10, 0.0, 1.0, 0.0, 0.0, 0.0, 0.0, 0.0, 0.0, 0.0, 0.0, 0.0, -1.862645149230957e-09, 7.450580596923828e-09, 0.0], [0.0, 0.0, 0.0, 1.0, 0.0, 0.0, -9.313225746154785e-10, 0.0, 0.0, -1.0, 0.0, 0.0, -1.862645149230957e-09, 3.725290298461914e-09, 0.0, 0.0], [-9.313225746154785e-10, 0.0, 0.0, 1.0, 0.0, -1.862645149230957e-09, 0.0, 0.0, 0.0, 0.0, -7.450580596923828e-09, 0.0, -9.313225746154785e-10, 1.862645149230957e-09, 0.0, 0.0], [0.0, 0.0, 0.0, 0.0, 0.0, 0.0, 0.0, 0.0, 0.0, 1.0, 0.0, 0.0, 0.0, -3.725290298461914e-09, 0.0, 0.0], [0.0, -3.725290298461914e-09, 0.0, 1.0, -0.5, 0.0, 0.0, 0.0, 0.0, -1.0, 0.0, 0.0, -7.566995918750763e-10, 3.4924596548080444e-10, 0.0, 0.0], [0.0, 0.0, 3.725290298461914e-09, 0.0, -3.725290298461914e-09, 0.0, 9.313225746154785e-10, 0.0, 4.802132025361061e-10, -0.5, 0.0, 1.862645149230957e-09, 0.0, 0.0, 9.313225746154785e-10, 3.725290298461914e-09], [0.0, 0.0, 0.0, 0.0, 0.0, 0.0, 0.0, 0.0, 0.0, 0.0, 0.0, 0.0, 0.0, -1.862645149230957e-09, 0.0, 0.0], [0.0, 0.0, 0.0, 0.0, 0.0, 0.0, 0.0, 0.0, 0.0, -0.4999999701976776, 0.0, 0.0, 0.0, -3.725290298461914e-09, 0.0, 0.0], [0.0, 0.0, 0.0, 0.0, 0.0, 0.0, -1.5133991837501526e-09, 0.0, -1.862645149230957e-09, -1.0, 0.0, 0.0, -1.862645149230957e-09, 0.0, 0.0, 0.0], [0.0, 0.0, 0.0, -0.5, 0.0, 0.0, 0.0, 0.0, -1.862645149230957e-09, 1.0, 0.0, 0.0, 0.0, 0.0, 3.725290298461914e-09, 0.0], [0.0, 0.0, -1.862645149230957e-09, -1.0, 0.0, 0.0, 0.0, 0.0, 0.0, -1.0, 9.313225746154785e-10, 0.0, 0.0, 1.862645149230957e-09, 1.862645149230957e-09, 0.0], [0.0, 0.0, 0.0, -1.0, 0.0, 0.0, -7.450580596923828e-09, 0.0, 0.0, 0.5, 0.0, 0.0, 0.0, 0.0, 0.0, 0.0], [0.0, 0.0, 0.0, -0.5, 0.0, 0.0, -1.862645149230957e-09, 0.0, 3.725290298461914e-09, 1.0, 0.0, 0.0, 0.0, -3.725290298461914e-09, 0.0, 0.0], [0.0, 0.0, 0.0, -1.0, 0.0, 0.0, 3.725290298461914e-09, -3.725290298461914e-09, 0.0, 0.0, 0.0, 0.0, 1.3969838619232178e-09, 0.0, -1.862645149230957e-09, 0.0], [0.0, 0.0, 0.0, -1.0, 0.0, 0.0, 0.0, 0.0, 0.0, 0.0, 0.0, 0.0, 0.0, 0.0, 0.0, 0.0], [0.0, 0.0, 0.0, -1.0, 0.0, 0.0, 0.0, 0.0, 0.0, 0.0, 0.0, 0.0, 0.0, 0.0, 0.0, 0.0], [0.0, 0.0, -1.862645149230957e-09, 0.0, 0.0, 0.0, -3.725290298461914e-09, -3.725290298461914e-09, 0.0, 1.0, 0.0, 0.0, 3.725290298461914e-09, 0.0, 3.725290298461914e-09, 0.0], [0.0, 0.0, 3.725290298461914e-09, -1.0, 0.0, 0.0, 0.0, 0.0, -1.862645149230957e-09, 1.0, 0.0, 0.0, 0.0, 0.0, 0.0, 0.0], [0.0, 0.0, 0.0, -1.0, 0.0, 0.0, 0.0, 0.0, -4.656612873077393e-10, -0.5, 0.0, 0.0, 0.0, 0.0, -1.862645149230957e-09, 0.0], [0.0, 0.0, 0.0, -1.0, 0.0, 0.0, 0.0, 2.7939677238464355e-09, 0.0, 0.0, 0.0, 0.0, -1.862645149230957e-09, 0.0, 3.725290298461914e-09, 0.0], [0.0, 0.0, -1.862645149230957e-09, -1.0, 0.0, 0.0, 0.0, 0.0, 0.0, -1.0, 0.0, 0.0, 0.0, 0.0, 0.0, 0.0], [0.0, 0.0, 3.725290298461914e-09, -0.5, 0.0, 0.0, -4.656612873077393e-10, 0.0, 0.0, 0.0, 4.94765117764473e-10, 0.0, 0.0, 0.0, 0.0, 0.0], [0.0, 0.0, -9.313225746154785e-10, -1.0, 0.0, 1.862645149230957e-09, 0.0, 3.259629011154175e-09, 0.0, 0.0, 0.0, 0.0, 1.6298145055770874e-09, 0.0, -9.313225746154785e-10, 0.0], [0.0, 0.0, -1.862645149230957e-09, -1.0, 0.0, 0.0, 0.0, -3.725290298461914e-09, 0.0, -1.0, 0.0, 0.0, 0.0, 1.862645149230957e-09, 0.0, 0.0], [0.0, 0.0, 3.725290298461914e-09, -0.4999999701976776, -3.725290298461914e-09, 0.0, 0.0, 0.0, 0.0, 0.0, 4.656612873077393e-10, 0.0, 9.313225746154785e-10, 0.0, 0.0, 2.3283064365386963e-10], [0.0, 0.0, -9.313225746154785e-10, -1.0, 0.0, 0.0, 0.0, 0.0, -3.725290298461914e-09, -1.0, 0.0, 0.0, 1.862645149230957e-09, 3.725290298461914e-09, 0.0, 0.0], [0.0, 0.0, 0.0, -1.0, 0.0, 0.0, 0.0, 1.862645149230957e-09, 0.0, -1.0, 0.0, 0.0, 0.0, 0.0, 0.0, 0.0], [0.0, 0.0, 0.0, 0.0, 0.0, 0.0, 0.0, 0.0, 0.0, 0.0, 0.0, 0.0, 0.0, 0.0, 0.0, 0.0], [0.0, 0.0, 0.0, 0.0, 0.0, 0.0, 0.0, 0.0, 0.0, 0.0, 0.0, 0.0, 0.0, 0.0, 0.0, 0.0], [0.0, 0.0, 0.0, 0.0, 0.0, 0.0, 0.0, 0.0, 0.0, 0.0, 0.0, 0.0, 0.0, 0.0, 0.0, 0.0], [0.0, 0.0, 0.0, 0.0, 0.0, 0.0, 0.0, 0.0, 0.0, 0.0, 0.0, 0.0, 0.0, 0.0, 0.0, 0.0], [0.0, 0.0, 0.0, 0.0, 0.0, 0.0, 0.0, 0.0, 0.0, 0.0, 0.0, 0.0, 0.0, 0.0, 0.0, 0.0], [0.0, 0.0, 0.0, 0.0, 0.0, 0.0, 0.0, 0.0, 0.0, 0.0, 0.0, 0.0, 0.0, 0.0, 0.0, 0.0], [0.0, 0.0, 0.0, 0.0, 0.0, 0.0, 0.0, 0.0, 0.0, 0.0, 0.0, 0.0, 0.0, 0.0, 0.0, 0.0], [0.0, 0.0, 0.0, 0.0, 0.0, 0.0, 0.0, 0.0, 0.0, 0.0, 0.0, 0.0, 0.0, 0.0, 0.0, 0.0], [0.0, 0.0, 0.0, 0.0, 0.0, 0.0, 0.0, 0.0, 0.0, 0.0, 0.0, 0.0, 0.0, 0.0, 0.0, 0.0], [0.0, 0.0, 0.0, 0.0, 0.0, 0.0, 0.0, 0.0, 0.0, 0.0, 0.0, 0.0, 0.0, 0.0, 0.0, 0.0]], [[0.0, 0.0, 0.0], [0.0, -3.725290298461914e-09, 0.0], [0.0, 0.0, 4.656612873077393e-10], [0.0, 1.0, -1.0], [0.0, 0.0, 0.0], [0.0, 0.0, 0.0], [0.0, 0.0, -9.313225746154785e-10], [0.0, 0.0, 0.0], [0.0, 0.0, 3.725290298461914e-09], [1.0, -1.0, 0.0], [0.0, -4.656612873077393e-10, 0.0], [-3.3178366720676422e-09, 0.0, 0.0], [0.0, 0.0, 0.0], [0.0, 0.0, 0.0], [0.0, 0.0, 0.0], [0.0, 0.0, 0.0]]]
biases=[[0.0, 0.0, 0.0, 0.0, 0.0, 0.0, 0.0, 0.0, 0.0, 0.0, 0.0, 0.0, 0.0, 0.0, 0.0, 0.0], [0.0, -1.0, 0.0]]
