solver=gd_t
n_hidden_layers=1
examples_per_class=2
examples_skip=0
time_out=5
lr=0.001
tf_seed=0
train_performance=1.0
test_performance=0.2745
total_time=0.03628325859705607
is_sat=True
weights=[[[-0.5, 0.0, -3.725290298461914e-09, 0.0, 0.0, 4.656612873077393e-10, 0.0, 0.0, 0.0, 0.0, 0.0, 3.725290298461914e-09, 0.0, 0.0, 0.0, 1.0], [0.0, 0.0, 1.862645149230957e-09, 0.0, -3.725290298461914e-09, -6.984919309616089e-10, 0.0, 1.862645149230957e-09, 0.0, -1.3969838619232178e-09, 0.0, 0.0, 0.0, 0.0, -7.450580596923828e-09, 0.0], [0.0, 0.0, 0.0, 1.862645149230957e-09, 0.0, 0.0, 0.0, 0.0, 0.4999999403953552, -3.725290298461914e-09, 0.0, 0.0, 0.0, 0.0, 0.0, 1.0], [0.0, 0.0, 0.0, 0.0, 0.0, -1.862645149230957e-09, 0.0, 0.0, 0.0, 0.0, 0.0, 0.0, 0.0, 0.0, -1.862645149230957e-09, 0.0], [0.0, 0.0, 0.0, 0.0, 9.313225746154785e-10, 0.0, 0.0, 1.862645149230957e-09, 0.0, 3.725290298461914e-09, 0.0, 0.0, 0.0, 0.0, 5.820766091346741e-10, 0.0], [0.0, -0.5, 0.0, 0.0, 0.0, 0.0, 0.0, 0.0, 1.0, 0.0, 0.0, 0.0, 0.0, 0.5, 0.0, 1.0], [0.0, 0.0, 9.313225746154785e-10, 0.0, 0.0, 0.0, 0.0, 0.0, 1.862645149230957e-09, -7.450580596923828e-09, 0.0, 0.0, 0.0, 0.0, 1.862645149230957e-09, 1.0], [0.0, 0.0, 0.0, 1.862645149230957e-09, 0.0, 0.0, 0.0, 0.0, 0.0, 5.384208634495735e-10, 0.0, 0.0, 0.0, 0.0, 0.0, 2.7939677238464355e-09], [0.0, 0.0, 0.0, -3.725290298461914e-09, 0.0, 0.0, 0.0, -3.725290298461914e-09, 0.0, 0.0, 0.0, 0.0, -4.6566128730773926e-09, 0.0, 9.313225746154785e-10, 1.0], [0.5, 0.0, 0.0, -9.313225746154785e-10, 0.0, 0.0, -3.725290298461914e-09, -7.450580596923828e-09, 0.0, 0.0, 0.0, -1.862645149230957e-09, 0.0, 1.862645149230957e-09, 0.0, -1.0], [0.5, 0.0, 1.076841726899147e-09, 3.725290298461914e-09, 0.0, 0.0, 0.0, 0.0, 1.862645149230957e-09, 0.0, 0.0, 0.0, 0.0, 0.0, 0.0, -1.0], [0.0, 0.0, 0.0, 0.0, 0.0, 0.0, 0.0, -9.313225746154785e-10, 0.0, 0.0, 0.0, 0.0, 3.725290298461914e-09, 0.0, 0.0, 0.0], [0.0, 0.0, 0.0, -1.862645149230957e-09, 0.0, 0.0, 0.0, 0.0, -1.862645149230957e-09, 0.0, -0.5, -1.862645149230957e-09, 0.0, 0.0, 3.725290298461914e-09, -1.0], [0.0, 0.0, -3.725290298461914e-09, 0.0, 0.0, 0.0, 0.0, 0.0, 9.313225746154785e-10, 0.0, 0.0, 4.656612873077393e-10, 0.0, 0.0, 0.0, 1.862645149230957e-09], [0.5, 0.0, 0.0, 1.862645149230957e-09, 0.0, 0.0, 1.4901161193847656e-08, -1.1641532182693481e-09, 0.0, 3.725290298461914e-09, 0.0, 0.0, 0.0, 0.0, 0.0, -1.0], [7.450580596923828e-09, 0.0, 5.820766091346741e-10, 8.149072527885437e-10, 0.0, 0.0, 0.0, 0.0, 0.0, 0.0, -0.4999999701976776, 0.0, 9.313225746154785e-10, 0.0, 0.0, 0.0], [0.0, 0.0, 0.0, 0.0, 0.0, 0.0, -1.4901161193847656e-08, 0.0, 0.9999999403953552, -1.862645149230957e-09, 0.0, 0.0, 0.0, 0.0, 0.0, 1.0], [1.0, 0.0, 0.0, 0.0, 0.0, 0.0, -7.450580596923828e-09, 3.725290298461914e-09, 0.0, 0.0, 0.0, -2.7939677238464355e-09, 0.0, 0.0, 1.8189894035458565e-11, -1.0], [1.0, 0.0, 1.862645149230957e-09, 0.0, 0.0, 0.0, 0.0, 0.0, 0.0, 0.0, 0.0, -7.450580596923828e-09, 0.0, 9.313225746154785e-10, -3.725290298461914e-09, -1.0], [0.0, 0.0, 0.0, -7.450580596923828e-09, 0.0, 0.0, 0.0, -3.725290298461914e-09, 0.0, 0.0, 0.0, -1.862645149230957e-09, 0.0, 0.0, -1.3969838619232178e-09, 0.0], [0.0, 0.0, 0.0, 4.656612873077393e-10, 0.0, -1.862645149230957e-09, 0.0, -3.725290298461914e-09, 0.0, 0.0, 0.0, 3.725290298461914e-09, 0.0, 0.0, -1.3969838619232178e-09, 0.0], [1.0, 0.0, 0.0, 0.0, 0.0, -1.4551915228366852e-09, 0.0, 0.0, -0.5, -6.984919309616089e-10, 0.0, 0.0, 0.0, 0.0, 0.0, -1.0], [0.0, -7.450580596923828e-09, 0.0, 0.0, 0.0, 0.0, 0.0, 0.0, 0.0, 0.0, 0.0, 0.0, 0.0, 0.0, -3.725290298461914e-09, 1.0], [0.5, 0.0, 0.0, -1.862645149230957e-09, 0.0, 0.0, 0.0, 0.0, -1.0, -7.450580596923828e-09, 0.0, 0.0, 3.725290298461914e-09, 0.0, 0.0, -1.0], [-0.5, 0.0, 0.0, 0.0, 0.0, 0.0, 0.0, 0.0, 0.0, -3.725290298461914e-09, 0.0, 0.0, 0.0, 1.862645149230957e-09, 0.0, 1.0], [-0.4999999701976776, 1.862645149230957e-09, -3.725290298461914e-09, 0.0, 0.0, 0.0, 0.0, 0.0, 0.0, 0.0, 0.0, 0.0, 0.0, 0.0, 3.725290298461914e-09, 1.0], [1.0, 3.725290298461914e-09, 0.0, 4.656612873077393e-10, 0.0, 0.0, 0.0, -1.862645149230957e-09, -1.0, -9.313225746154785e-10, 0.0, -4.656612873077393e-10, 0.0, 0.0, 0.0, -1.0], [0.0, -3.725290298461914e-09, 0.0, 0.0, 0.0, 0.0, -3.725290298461914e-09, 0.0, 0.0, 3.725290298461914e-09, 0.0, 0.0, 0.0, 0.0, 0.0, 1.0], [0.0, 0.0, -9.313225746154785e-10, -1.862645149230957e-09, 0.0, 0.0, 0.0, 0.0, 0.0, 0.0, 0.0, -7.450580596923828e-09, 0.0, 0.0, -9.313225746154785e-10, 1.0], [0.0, 2.3283064365386963e-10, 0.0, -3.725290298461914e-09, 0.0, 0.0, 0.0, 0.0, 0.0, -4.656612873077393e-10, 0.0, 0.0, 0.0, 0.0, -3.725290298461914e-09, 0.9999999403953552], [0.0, 0.0, 1.3969838619232178e-09, 0.0, 0.0, 0.0, 0.0, 0.0, 9.313225746154785e-10, 0.0, 0.0, 1.862645149230957e-09, 0.0, 0.0, 0.0, 0.9999999403953552], [1.0, 0.0, 0.0, 0.0, 0.0, 0.0, 0.0, -1.862645149230957e-09, -1.0, 1.862645149230957e-09, 0.0, 9.313225746154785e-10, 0.0, 0.0, 7.450580596923828e-09, -0.4999999701976776], [1.0, 0.0, 0.0, 0.0, 0.0, 0.0, 0.0, 0.0, 0.0, 0.0, 0.0, -1.862645149230957e-09, 0.0, 0.0, 0.0, -1.0], [0.4999999403953552, 0.0, 0.0, 0.0, 0.0, 0.0, 0.0, 0.0, -1.0, 0.0, 0.0, -9.313225746154785e-10, 0.0, 0.0, 3.725290298461914e-09, -1.0], [0.0, 0.0, 4.656612873077393e-10, -2.3283064365386963e-09, 0.0, 0.0, 0.0, 4.656612873077393e-10, -1.0, -4.656612873077393e-10, 0.0, 0.0, 0.0, 0.0, -3.725290298461914e-09, 1.862645149230957e-09], [0.0, 0.0, -1.862645149230957e-09, 0.0, 1.862645149230957e-09, 0.0, 0.0, 0.0, -0.5, 0.0, -7.450580596923828e-09, 6.984919309616089e-10, 0.0, -1.862645149230957e-09, 0.0, 0.0], [0.0, 0.0, 0.0, 0.0, 0.0, 3.725290298461914e-09, -3.725290298461914e-09, 3.725290298461914e-09, -1.0, 0.0, 1.862645149230957e-09, 0.0, 0.0, 0.0, -3.725290298461914e-09, 0.0], [0.0, 9.313225746154785e-10, -3.725290298461914e-09, -3.725290298461914e-09, -7.450580596923828e-09, 0.0, 0.0, 1.862645149230957e-09, -0.5, 3.725290298461914e-09, 0.0, 0.0, 0.0, -1.862645149230957e-09, 7.450580596923828e-09, 0.0], [0.0, 0.0, 7.450580596923828e-09, -3.725290298461914e-09, 0.0, 0.0, 0.0, 0.0, -0.5, -3.725290298461914e-09, 0.0, 0.0, 0.0, 0.0, 0.0, 0.0], [0.0, 0.0, -3.725290298461914e-09, 4.656612873077393e-10, 0.0, 0.0, 3.725290298461914e-09, 0.0, -1.0, -9.313225746154785e-10, 0.0, -1.3533281162381172e-09, 0.0, 0.0, -1.862645149230957e-09, 0.0], [0.0, 0.0, 0.0, 0.0, 0.0, 0.0, 0.0, 0.0, 0.0, 0.0, 0.0, 0.0, 0.0, 0.0, 0.0, 0.0], [0.0, 0.0, 0.0, 0.0, 0.0, 0.0, 0.0, 0.0, 0.0, 0.0, 0.0, 0.0, 0.0, 0.0, 0.0, 0.0], [0.0, 0.0, 0.0, 0.0, 0.0, 0.0, 0.0, 0.0, 0.0, 0.0, 0.0, 0.0, 0.0, 0.0, 0.0, 0.0], [0.0, 0.0, 0.0, 0.0, 0.0, 0.0, 0.0, 0.0, 0.0, 0.0, 0.0, 0.0, 0.0, 0.0, 0.0, 0.0], [0.0, 0.0, 0.0, 0.0, 0.0, 0.0, 0.0, 0.0, 0.0, 0.0, 0.0, 0.0, 0.0, 0.0, 0.0, 0.0], [0.0, 0.0, 0.0, 0.0, 0.0, 0.0, 0.0, 0.0, 0.0, 0.0, 0.0, 0.0, 0.0, 0.0, 0.0, 0.0], [0.0, 0.0, 0.0, 0.0, 0.0, 0.0, 0.0, 0.0, 0.0, 0.0, 0.0, 0.0, 0.0, 0.0, 0.0, 0.0], [0.0, 0.0, 0.0, 0.0, 0.0, 0.0, 0.0, 0.0, 0.0, 0.0, 0.0, 0.0, 0.0, 0.0, 0.0, 0.0], [0.0, 0.0, 0.0, 0.0, 0.0, 0.0, 0.0, 0.0, 0.0, 0.0, 0.0, 0.0, 0.0, 0.0, 0.0, 0.0], [0.0, 0.0, 0.0, 0.0, 0.0, 0.0, 0.0, 0.0, 0.0, 0.0, 0.0, 0.0, 0.0, 0.0, 0.0, 0.0]], [[-1.0, 1.862645149230957e-09, 0.0], [0.0, 0.0, 6.566551746800542e-10], [9.313225746154785e-10, 0.0, 0.0], [0.0, 0.0, 0.0], [0.0, 0.0, 0.0], [0.0, 0.0, 0.0], [0.0, 0.0, 0.0], [0.0, 0.0, 0.0], [0.5, 0.0, -1.0], [0.0, 0.0, 0.0], [0.0, 0.0, 0.0], [0.0, 0.0, 0.0], [-1.3969838619232178e-09, 0.0, 0.0], [0.0, 3.725290298461914e-09, 0.0], [0.0, 0.0, 0.0], [1.0, -1.0, 0.0]]]
biases=[[0.0, 0.0, 0.0, 0.0, 0.0, 0.0, 0.0, 0.0, 0.0, 0.0, 0.0, 0.0, 0.0, 0.0, 0.0, 0.0], [-1.0, 0.0, 0.0]]
