solver=gd_t
n_hidden_layers=1
examples_per_class=2
examples_skip=0
time_out=5
lr=0.001
tf_seed=3
train_performance=0.0
test_performance=0.0
total_time=0.21599813302357992
is_sat=False
weights=[[[4.656612873077393e-10, 1.862645149230957e-09, 7.450580596923828e-09, 0.0, 0.0, 0.0, 0.0, 0.0, 0.0, -1.862645149230957e-09, 0.0, -0.5, -1.0, 3.725290298461914e-09, 0.0, 0.0], [0.0, 0.0, 0.0, 0.0, 0.0, 1.0, 0.0, -9.313225746154785e-10, 0.0, 0.0, -0.5, -1.0, 0.0, 0.0, 0.5, 0.0], [-3.725290298461914e-09, 0.0, 0.0, 0.0, 9.313225746154785e-10, -1.1641532182693481e-09, 0.0, 0.0, 0.0, -2.0954757928848267e-09, 0.0, -1.0, 0.0, 0.0, 0.0, -0.5], [0.0, 0.0, 3.725290298461914e-09, 0.0, 0.0, 1.0, 0.0, 0.0, 0.0, 0.0, 0.0, -1.0, 0.0, 0.0, 0.0, 0.0], [0.0, 0.0, 0.0, -1.862645149230957e-09, -4.656612873077393e-10, 1.0, 0.0, 9.313225746154785e-10, -2.7939677238464355e-09, 5.587935447692871e-09, 0.0, -1.0, 0.0, 3.725290298461914e-09, 1.0, 0.0], [0.0, 0.0, 0.0, 9.313225746154785e-10, 2.3283064365386963e-10, -0.5, 0.0, -8.440110832452774e-10, 0.0, 0.0, 0.0, -1.0, -1.0, 0.0, -0.5, 0.0], [0.0, 0.0, -1.862645149230957e-09, 0.0, 0.0, 0.5, 0.0, 0.0, 0.0, 9.313225746154785e-10, 0.0, -1.0, 0.0, 0.0, 0.0, 0.0], [-3.725290298461914e-09, 0.0, 0.0, 0.0, -1.862645149230957e-09, 1.0, 0.0, 1.862645149230957e-09, 0.0, 0.0, -0.5, -1.0, 0.0, 0.0, 1.0, 0.0], [7.450580596923828e-09, 0.0, 0.0, 4.656612873077393e-10, -4.656612873077393e-10, 0.5000000596046448, -3.259629011154175e-09, 9.313225746154785e-10, -1.862645149230957e-09, 9.313225746154785e-10, 0.0, -1.0, -0.5, 0.0, -3.725290298461914e-09, 0.0], [0.0, -9.313225746154785e-10, 0.0, 9.313225746154785e-10, -3.725290298461914e-09, 0.9999999403953552, -1.862645149230957e-09, 7.450580596923828e-09, 0.0, 0.0, 0.0, 0.0, 1.0, -2.7939677238464355e-09, 1.0, 0.0], [0.0, 0.0, 0.0, 0.0, 0.0, 1.0, 0.0, 0.0, 0.0, 0.0, 0.0, -1.0, 1.0, 0.0, 1.0, 0.0], [-1.862645149230957e-09, 0.0, 0.0, 0.0, 0.0, 1.0, 0.0, 0.0, 0.0, 0.0, 0.0, -1.0, 0.0, 0.0, 0.0, 0.0], [0.0, 0.0, 0.0, 0.0, -3.725290298461914e-09, 1.0, 0.0, -7.450580596923828e-09, 0.0, 0.0, -0.5, -1.0, 1.0, 0.0, 0.9999999403953552, 0.0], [0.0, 0.0, 0.0, 0.0, 0.0, 1.0, 0.0, 0.0, 0.0, 0.0, 0.0, -1.0, 0.0, 0.0, 0.5, 0.0], [0.0, 0.0, 0.0, 0.0, 3.725290298461914e-09, 1.0, 1.1641532182693481e-09, 0.0, 0.0, 0.0, 0.0, -1.0, 1.0, 0.0, 1.0, 0.0], [1.862645149230957e-09, 0.0, 1.862645149230957e-09, 0.0, 0.0, 0.9999999403953552, 0.0, 9.313225746154785e-10, 5.820766091346741e-10, 0.0, 0.0, -1.0, 0.0, 2.7939677238464355e-09, 1.0, 0.0], [1.862645149230957e-09, 0.0, 0.0, 3.725290298461914e-09, 0.0, 0.0, 0.0, 9.313225746154785e-10, 0.0, 0.0, 0.0, -1.0, -0.9999999403953552, 0.0, 0.0, 0.0], [0.0, 0.0, 0.0, 0.0, 0.0, 1.0, 0.0, 0.0, 0.0, 0.0, 0.0, 0.0, 1.0, 0.0, 1.0, 0.0], [-7.450580596923828e-09, -4.0745362639427185e-10, 0.0, 0.0, -1.862645149230957e-09, 0.0, 0.0, 0.0, 0.0, 0.0, 1.862645149230957e-09, 0.0, 1.0, 9.313225746154785e-10, 0.0, 1.862645149230957e-09], [0.0, 0.0, 0.0, 0.0, 0.0, 0.0, 0.0, -1.1641532182693481e-09, 0.0, 1.862645149230957e-09, 0.0, -0.9999999403953552, 0.0, 0.0, 9.313225746154785e-10, -1.862645149230957e-09], [0.0, 0.0, 0.0, 0.0, -1.862645149230957e-09, 0.0, 0.0, 3.725290298461914e-09, 0.0, 0.0, -3.725290298461914e-09, 0.0, 1.0, 0.0, 0.5000000596046448, 0.0], [0.0, 0.0, 0.0, 0.0, 0.0, 1.0, 0.0, 1.3969838619232178e-09, 0.0, -3.725290298461914e-09, 0.0, 1.5133991837501526e-09, 1.0, 0.0, 0.5, 0.0], [0.0, 0.0, 0.0, 4.656612873077393e-10, 0.0, -1.0, -4.656612873077393e-10, 1.862645149230957e-09, -2.7939677238464355e-09, 0.0, 0.0, 0.0, -0.9999999403953552, 0.0, -0.5, 0.0], [0.0, 0.0, 0.0, 0.0, 0.0, -1.0, 0.0, 9.313225746154785e-10, 0.0, 0.0, 0.0, 1.0, 0.9999999403953552, 0.0, -1.0, 0.0], [-3.725290298461914e-09, 0.0, 0.0, 0.0, -3.725290298461914e-09, -1.0, 0.0, 0.0, 0.0, 0.0, 0.0, 0.0, -1.0, 0.0, 0.0, 0.0], [0.0, 3.725290298461914e-09, 0.0, 0.0, -1.862645149230957e-09, -1.0, 0.0, 0.0, 0.0, 0.0, 0.0, 0.0, -1.0, 0.0, -1.0, 0.0], [0.0, 0.0, 0.0, 0.0, -1.7462298274040222e-09, -1.0, 3.725290298461914e-09, 0.0, 0.0, 0.0, 0.0, 1.0, 0.9999999403953552, -1.862645149230957e-09, -1.0, 0.0], [1.862645149230957e-09, 0.0, 0.0, 0.0, 0.0, -1.0, 0.0, 0.0, 2.7939677238464355e-09, 0.0, 0.0, 0.0, -1.0, 0.0, 0.0, 0.0], [0.0, 0.0, 0.0, 0.0, 0.0, -1.0, 0.0, 0.0, 0.0, 0.0, 0.0, 7.450580596923828e-09, -1.0, 0.0, -1.0, 0.0], [0.0, 0.0, 0.0, 1.862645149230957e-09, 0.0, -1.0, 2.648448571562767e-09, 0.0, 0.0, 0.0, 0.0, 0.0, -1.0, 0.0, -0.5, 0.0], [0.0, 0.0, 0.0, 0.0, 0.0, -1.0, 0.0, 0.0, 0.0, 0.0, 0.0, 0.0, -1.0, 0.0, -0.5, 0.0], [0.0, 0.0, 0.0, 0.0, 0.0, -1.0, 0.0, 0.0, 0.0, 9.313225746154785e-10, 0.0, 1.0, 1.0, 0.0, -1.0, 0.0], [3.725290298461914e-09, 0.0, 0.0, 0.0, 0.0, -1.0, 0.0, -1.862645149230957e-09, 0.0, -1.862645149230957e-09, 0.0, 1.0, 1.0, 0.0, -1.0, 0.0], [0.0, 0.0, 0.0, 0.0, 9.313225746154785e-10, -1.0, 0.0, 0.0, 0.0, 0.0, 0.0, 1.0, 1.0, 0.0, -1.0, 0.0], [-1.862645149230957e-09, 9.313225746154785e-10, 0.0, 9.313225746154785e-10, 1.862645149230957e-09, -1.0, 1.862645149230957e-09, 0.0, 0.0, 0.0, 0.0, 1.0, 1.0, 0.0, 0.0, -1.862645149230957e-09], [4.656612873077393e-10, -3.4924596548080444e-10, 0.0, 0.0, 1.3969838619232178e-09, -1.0, -1.862645149230957e-09, 0.0, 1.1641532182693481e-09, 1.862645149230957e-09, 0.0, 1.0, 1.0, 2.3865140974521637e-09, 3.725290298461914e-09, 0.0], [0.0, 0.0, 0.0, 1.4551915228366852e-09, 0.0, -1.0, 6.984919309616089e-10, 0.0, -7.450580596923828e-09, -3.725290298461914e-09, 0.0, 1.0, 1.0, 0.0, 0.0, 0.0], [0.0, 3.725290298461914e-09, 0.0, 0.0, 9.313225746154785e-10, -1.0, 1.3969838619232178e-09, 0.0, 0.0, -3.259629011154175e-09, 0.0, 0.5, 1.0, -1.862645149230957e-09, 0.0, 0.0], [3.725290298461914e-09, 1.3969838619232178e-09, 0.0, 0.0, 0.0, -1.0, 0.0, 0.0, 0.0, 0.0, 0.0, 1.0, 1.0, 7.450580596923828e-09, 0.0, 0.0], [3.725290298461914e-09, 0.0, 0.0, 0.0, -3.725290298461914e-09, -1.0, -1.862645149230957e-09, 0.0, 0.0, 0.0, 0.0, 1.0, 1.0, 0.0, 0.0, 0.0], [0.0, 0.0, 0.0, 0.0, 0.0, 0.0, 0.0, 0.0, 0.0, 0.0, 0.0, 0.0, 0.0, 0.0, 0.0, 0.0], [0.0, 0.0, 0.0, 0.0, 0.0, 0.0, 0.0, 0.0, 0.0, 0.0, 0.0, 0.0, 0.0, 0.0, 0.0, 0.0], [0.0, 0.0, 0.0, 0.0, 0.0, 0.0, 0.0, 0.0, 0.0, 0.0, 0.0, 0.0, 0.0, 0.0, 0.0, 0.0], [0.0, 0.0, 0.0, 0.0, 0.0, 0.0, 0.0, 0.0, 0.0, 0.0, 0.0, 0.0, 0.0, 0.0, 0.0, 0.0], [0.0, 0.0, 0.0, 0.0, 0.0, 0.0, 0.0, 0.0, 0.0, 0.0, 0.0, 0.0, 0.0, 0.0, 0.0, 0.0], [0.0, 0.0, 0.0, 0.0, 0.0, 0.0, 0.0, 0.0, 0.0, 0.0, 0.0, 0.0, 0.0, 0.0, 0.0, 0.0], [0.0, 0.0, 0.0, 0.0, 0.0, 0.0, 0.0, 0.0, 0.0, 0.0, 0.0, 0.0, 0.0, 0.0, 0.0, 0.0], [0.0, 0.0, 0.0, 0.0, 0.0, 0.0, 0.0, 0.0, 0.0, 0.0, 0.0, 0.0, 0.0, 0.0, 0.0, 0.0], [0.0, 0.0, 0.0, 0.0, 0.0, 0.0, 0.0, 0.0, 0.0, 0.0, 0.0, 0.0, 0.0, 0.0, 0.0, 0.0], [0.0, 0.0, 0.0, 0.0, 0.0, 0.0, 0.0, 0.0, 0.0, 0.0, 0.0, 0.0, 0.0, 0.0, 0.0, 0.0]], [[9.313225746154785e-10, 0.0, 0.0], [0.0, -9.313225746154785e-10, 0.0], [1.862645149230957e-09, 0.0, 0.0], [-4.656612873077393e-10, 0.0, 0.0], [0.0, 0.0, 0.0], [0.0, 1.0, -1.0], [0.0, 0.0, 9.313225746154785e-10], [0.0, 0.0, 0.0], [-1.862645149230957e-09, 0.0, 0.0], [0.0, -9.313225746154785e-10, 0.0], [0.0, 0.0, -6.51925802230835e-09], [0.0, 0.0, 0.5], [-1.0, 0.0, 1.0], [6.984919309616089e-10, 0.0, 0.0], [0.0, 0.5, -0.5], [9.313225746154785e-10, 0.0, 1.6298145055770874e-09]]]
biases=[[0.0, 0.0, 0.0, 0.0, 0.0, 0.0, 0.0, 0.0, 0.0, 0.0, 0.0, 0.0, 0.0, 0.0, 0.0, 0.0], [0.0, 0.0, -1.0]]
