solver=gd_t
n_hidden_layers=2
examples_per_class=2
examples_skip=0
time_out=5
lr=0.001
tf_seed=2
train_performance=0.0
test_performance=0.0
total_time=5.000001819928487
is_sat=False
weights=[[[-7.450580596923828e-09, 0.0, 0.0, 0.0, -1.862645149230957e-09, 0.0, 0.0, 3.725290298461914e-09, 9.313225746154785e-10, 0.0, -1.862645149230957e-09, 0.0, 1.4551915228366852e-09, 3.725290298461914e-09, 3.725290298461914e-09, 0.0], [1.862645149230957e-09, 1.862645149230957e-09, -3.725290298461914e-09, 0.0, 0.0, 7.450580596923828e-09, -1.862645149230957e-09, -4.656612873077393e-10, 0.0, 0.0, -3.725290298461914e-09, -3.725290298461914e-09, 0.0, 0.0, -1.862645149230957e-09, 0.0], [-7.450580596923828e-09, 0.0, 0.0, 0.0, 0.0, 0.0, 0.0, 0.0, 0.0, -2.3283064365386963e-09, 4.656612873077393e-10, 0.0, 1.862645149230957e-09, 0.0, 0.0, 0.0], [0.0, 0.0, 0.0, -3.2014213502407074e-10, 0.0, 0.0, 0.0, 0.0, 0.0, 0.0, 0.0, 1.862645149230957e-09, 0.0, 4.656612873077393e-10, 0.0, 0.0], [1.3969838619232178e-09, 0.0, 0.0, 0.0, 7.450580596923828e-09, 0.0, 0.0, 6.984919309616089e-10, 1.8044374883174896e-09, 0.0, 0.0, 0.0, 0.0, 0.0, 0.0, 9.313225746154785e-10], [0.0, 0.0, 0.0, 0.0, 0.0, -6.984919309616089e-10, 9.313225746154785e-10, -3.725290298461914e-09, 1.862645149230957e-09, 3.725290298461914e-09, -9.313225746154785e-10, 0.0, 0.0, 0.0, 0.0, 0.0], [-2.7939677238464355e-09, 0.0, 8.149072527885437e-10, 0.0, 0.0, 1.862645149230957e-09, 0.0, 0.0, -1.862645149230957e-09, 1.862645149230957e-09, 0.0, 0.0, 0.0, 0.0, 0.0, 0.0], [0.0, 0.0, 0.0, 3.725290298461914e-09, 0.0, 0.0, 7.450580596923828e-09, 0.0, -1.862645149230957e-09, 0.0, -1.862645149230957e-09, 0.0, -3.725290298461914e-09, 0.0, 0.0, 1.862645149230957e-09], [0.0, 7.450580596923828e-09, 0.0, 0.0, 0.0, -1.862645149230957e-09, 0.0, -4.656612873077393e-10, -4.656612873077393e-10, 0.0, 0.0, -1.862645149230957e-09, 0.0, 0.0, 0.0, 1.1641532182693481e-09], [0.0, 1.4115357771515846e-09, -1.862645149230957e-09, -3.725290298461914e-09, 0.0, -3.725290298461914e-09, -1.862645149230957e-09, 0.0, 0.0, 9.313225746154785e-10, -3.725290298461914e-09, 3.725290298461914e-09, 0.0, 7.450580596923828e-09, 0.0, 0.0], [0.0, 9.313225746154785e-10, 0.0, -1.862645149230957e-09, 0.0, 3.259629011154175e-09, 0.0, 0.0, 0.0, 0.0, -4.656612873077393e-10, 0.0, 0.0, -8.149072527885437e-10, 0.0, 0.0], [-9.313225746154785e-10, 0.0, 0.0, -1.862645149230957e-09, 0.0, 0.0, -3.725290298461914e-09, 0.0, 0.0, 0.0, 0.0, 0.0, -7.450580596923828e-09, 0.0, 9.313225746154785e-10, 3.725290298461914e-09], [0.0, 8.149072527885437e-10, 0.0, 0.0, 0.0, 0.0, -9.313225746154785e-10, 0.0, 0.0, 1.862645149230957e-09, 0.0, 0.0, 0.0, 9.313225746154785e-10, 0.0, 0.0], [0.0, 0.0, -6.984919309616089e-10, 0.0, -3.725290298461914e-09, 0.0, 0.0, -1.862645149230957e-09, 0.0, -1.862645149230957e-09, 0.0, -3.725290298461914e-09, 0.0, -1.862645149230957e-09, 7.450580596923828e-09, 0.0], [0.0, 0.0, 0.0, 0.0, -3.725290298461914e-09, -1.862645149230957e-09, 0.0, -9.313225746154785e-10, 0.0, 0.0, 0.0, 0.0, -1.862645149230957e-09, 3.725290298461914e-09, 0.0, 0.0], [0.0, 0.0, -1.862645149230957e-09, 3.725290298461914e-09, -1.862645149230957e-09, 0.0, -2.3283064365386963e-10, 0.0, 0.0, 0.0, 7.450580596923828e-09, 0.0, -9.313225746154785e-10, 1.862645149230957e-09, 0.0, 0.0], [0.0, 0.0, 1.1641532182693481e-10, 0.0, 0.0, 1.862645149230957e-09, 0.0, 0.0, 7.450580596923828e-09, -3.725290298461914e-09, -1.862645149230957e-09, 0.0, 0.0, -3.725290298461914e-09, 0.0, 0.0], [9.313225746154785e-10, 1.862645149230957e-09, 1.862645149230957e-09, 0.0, -3.259629011154175e-09, 0.0, 0.0, 0.0, 0.0, -3.725290298461914e-09, 3.4924596548080444e-09, 1.862645149230957e-09, -7.566995918750763e-10, 3.4924596548080444e-10, 0.0, -1.1641532182693481e-10], [-1.862645149230957e-09, 0.0, 3.725290298461914e-09, 0.0, 0.0, 0.0, -9.313225746154785e-10, 0.0, -1.1641532182693481e-10, -2.7939677238464355e-09, 0.0, 0.0, 0.0, 0.0, 9.313225746154785e-10, 0.0], [0.0, 3.725290298461914e-09, 0.0, 3.725290298461914e-09, 0.0, -1.862645149230957e-09, 0.0, 4.656612873077393e-10, 4.656612873077393e-10, 0.0, 0.0, 0.0, 0.0, -1.862645149230957e-09, 0.0, 0.0], [0.0, 0.0, -9.313225746154785e-10, 3.725290298461914e-09, -1.862645149230957e-09, 3.725290298461914e-09, 1.3969838619232178e-09, 0.0, -1.862645149230957e-09, 1.862645149230957e-09, 0.0, 0.0, 0.0, -3.725290298461914e-09, 0.0, 0.0], [0.0, -3.725290298461914e-09, 0.0, 3.725290298461914e-09, -9.313225746154785e-10, 0.0, -2.7939677238464355e-09, 0.0, 3.725290298461914e-09, 0.0, 0.0, 0.0, -1.862645149230957e-09, 0.0, 0.0, 0.0], [1.862645149230957e-09, 0.0, 0.0, 0.0, 0.0, 0.0, 0.0, -1.6298145055770874e-09, 0.0, 0.0, 0.0, -1.862645149230957e-09, 0.0, 0.0, 3.725290298461914e-09, 0.0], [-3.725290298461914e-09, 0.0, 0.0, 0.0, -1.862645149230957e-09, 0.0, 0.0, 0.0, 1.862645149230957e-09, -1.862645149230957e-09, 0.0, 3.4924596548080444e-10, 0.0, 1.862645149230957e-09, 1.862645149230957e-09, -3.725290298461914e-09], [0.0, 0.0, -3.725290298461914e-09, -1.862645149230957e-09, 7.450580596923828e-09, 0.0, -7.450580596923828e-09, 0.0, 0.0, -7.450580596923828e-09, 0.0, -7.450580596923828e-09, 0.0, 0.0, 0.0, -1.862645149230957e-09], [0.0, 0.0, 0.0, 0.0, 0.0, 0.0, 9.313225746154785e-10, 0.0, 7.450580596923828e-09, 0.0, 0.0, 1.862645149230957e-09, 0.0, -3.725290298461914e-09, 0.0, 0.0], [-3.725290298461914e-09, 0.0, 0.0, -2.7939677238464355e-09, 0.0, 1.3969838619232178e-09, 0.0, 0.0, 0.0, 0.0, -1.1641532182693481e-10, 0.0, 1.3969838619232178e-09, 0.0, -1.862645149230957e-09, 0.0], [-1.862645149230957e-09, 1.862645149230957e-09, 0.0, 0.0, 0.0, 0.0, 0.0, 0.0, 0.0, 0.0, 0.0, 3.725290298461914e-09, 0.0, 0.0, 0.0, 0.0], [-3.725290298461914e-09, 0.0, -7.450580596923828e-09, 0.0, -9.313225746154785e-10, 1.862645149230957e-09, -1.862645149230957e-09, 0.0, 0.0, 0.0, 3.725290298461914e-09, 3.725290298461914e-09, 0.0, 0.0, 0.0, 0.0], [-3.725290298461914e-09, 0.0, 1.3969838619232178e-09, 0.0, 0.0, -3.725290298461914e-09, -1.862645149230957e-09, -3.725290298461914e-09, 0.0, 9.313225746154785e-10, 0.0, 1.862645149230957e-09, 3.725290298461914e-09, 0.0, 3.725290298461914e-09, 1.862645149230957e-09], [0.0, 1.862645149230957e-09, 0.0, 1.862645149230957e-09, 0.0, 0.0, 0.0, 1.862645149230957e-09, -9.313225746154785e-10, 0.0, 0.0, 0.0, 0.0, 0.0, 0.0, 0.0], [-4.656612873077393e-10, 3.725290298461914e-09, -7.450580596923828e-09, 0.0, 0.0, 1.862645149230957e-09, 0.0, 0.0, 0.0, 3.725290298461914e-09, 3.725290298461914e-09, 0.0, 0.0, 0.0, -1.862645149230957e-09, 9.313225746154785e-10], [0.0, 0.0, 0.0, -1.3969838619232178e-09, 0.0, 3.725290298461914e-09, 0.0, 0.0, 0.0, 0.0, 0.0, -6.984919309616089e-10, -1.862645149230957e-09, 0.0, 3.725290298461914e-09, 9.313225746154785e-10], [0.0, 0.0, 0.0, 0.0, 0.0, 0.0, 2.3283064365386963e-10, 0.0, 0.0, 1.862645149230957e-09, 0.0, 0.0, 0.0, 0.0, 0.0, 0.0], [0.0, 0.0, 0.0, 7.450580596923828e-09, 0.0, 0.0, 3.725290298461914e-09, 0.0, -1.862645149230957e-09, 0.0, -1.862645149230957e-09, 0.0, 0.0, 0.0, 0.0, 0.0], [0.0, 0.0, 2.3283064365386963e-10, 0.0, 0.0, 0.0, 4.656612873077393e-10, 0.0, 2.546585164964199e-10, 9.313225746154785e-10, 0.0, -9.313225746154785e-10, 1.6298145055770874e-09, 0.0, -9.313225746154785e-10, 0.0], [0.0, 0.0, 0.0, -4.656612873077393e-10, 0.0, 0.0, 1.862645149230957e-09, 0.0, 1.862645149230957e-09, 0.0, 0.0, 0.0, 0.0, 1.862645149230957e-09, 0.0, 0.0], [0.0, 0.0, 3.725290298461914e-09, 0.0, 0.0, 0.0, -1.862645149230957e-09, 0.0, 0.0, 1.862645149230957e-09, -4.656612873077393e-10, 0.0, 9.313225746154785e-10, 0.0, 0.0, 9.313225746154785e-10], [-3.725290298461914e-09, 0.0, 0.0, 0.0, 0.0, 0.0, 0.0, 0.0, -3.725290298461914e-09, 1.862645149230957e-09, 0.0, 0.0, 1.862645149230957e-09, 3.725290298461914e-09, 0.0, 0.0], [0.0, -1.862645149230957e-09, 0.0, 0.0, 9.313225746154785e-10, 0.0, 0.0, 3.725290298461914e-09, 0.0, 0.0, 0.0, 1.862645149230957e-09, 0.0, 0.0, 0.0, 0.0], [0.0, 0.0, 0.0, 0.0, 0.0, 0.0, 0.0, 0.0, 0.0, 0.0, 0.0, 0.0, 0.0, 0.0, 0.0, 0.0], [0.0, 0.0, 0.0, 0.0, 0.0, 0.0, 0.0, 0.0, 0.0, 0.0, 0.0, 0.0, 0.0, 0.0, 0.0, 0.0], [0.0, 0.0, 0.0, 0.0, 0.0, 0.0, 0.0, 0.0, 0.0, 0.0, 0.0, 0.0, 0.0, 0.0, 0.0, 0.0], [0.0, 0.0, 0.0, 0.0, 0.0, 0.0, 0.0, 0.0, 0.0, 0.0, 0.0, 0.0, 0.0, 0.0, 0.0, 0.0], [0.0, 0.0, 0.0, 0.0, 0.0, 0.0, 0.0, 0.0, 0.0, 0.0, 0.0, 0.0, 0.0, 0.0, 0.0, 0.0], [0.0, 0.0, 0.0, 0.0, 0.0, 0.0, 0.0, 0.0, 0.0, 0.0, 0.0, 0.0, 0.0, 0.0, 0.0, 0.0], [0.0, 0.0, 0.0, 0.0, 0.0, 0.0, 0.0, 0.0, 0.0, 0.0, 0.0, 0.0, 0.0, 0.0, 0.0, 0.0], [0.0, 0.0, 0.0, 0.0, 0.0, 0.0, 0.0, 0.0, 0.0, 0.0, 0.0, 0.0, 0.0, 0.0, 0.0, 0.0], [0.0, 0.0, 0.0, 0.0, 0.0, 0.0, 0.0, 0.0, 0.0, 0.0, 0.0, 0.0, 0.0, 0.0, 0.0, 0.0], [0.0, 0.0, 0.0, 0.0, 0.0, 0.0, 0.0, 0.0, 0.0, 0.0, 0.0, 0.0, 0.0, 0.0, 0.0, 0.0]], [[0.0, 7.450580596923828e-09, 0.0, -3.725290298461914e-09, 0.0, 0.0, 0.0, 0.0, 4.656612873077393e-10, 0.0, 1.862645149230957e-09, 0.0, 1.862645149230957e-09, 0.0, 0.0, 1.862645149230957e-09], [3.725290298461914e-09, 0.0, 0.0, 0.0, -9.313225746154785e-10, 0.0, 0.0, -1.862645149230957e-09, 0.0, 0.0, -1.862645149230957e-09, 3.725290298461914e-09, 4.656612873077393e-10, 0.0, 0.0, -4.656612873077393e-10], [0.0, 3.725290298461914e-09, 0.0, 0.0, 0.0, 0.0, 0.0, 0.0, 0.0, 0.0, 0.0, 0.0, 0.0, 0.0, -7.450580596923828e-09, 0.0], [0.0, 0.0, 0.0, -4.656612873077393e-10, 0.0, 0.0, -3.725290298461914e-09, 1.862645149230957e-09, 1.862645149230957e-09, 0.0, 0.0, 0.0, -4.656612873077393e-10, 4.656612873077393e-10, -3.725290298461914e-09, -2.3283064365386963e-09], [-1.862645149230957e-09, 4.656612873077393e-10, 0.0, 0.0, -1.862645149230957e-09, 0.0, 0.0, -1.3969838619232178e-09, 0.0, 1.862645149230957e-09, 3.725290298461914e-09, 0.0, 9.313225746154785e-10, 0.0, 0.0, 0.0], [0.0, -3.725290298461914e-09, 0.0, 0.0, 0.0, -3.725290298461914e-09, 1.862645149230957e-09, 0.0, 0.0, 1.862645149230957e-09, 0.0, 0.0, 0.0, 0.0, -3.725290298461914e-09, -3.725290298461914e-09], [0.0, 0.0, 0.0, 0.0, 3.725290298461914e-09, 9.313225746154785e-10, 1.862645149230957e-09, 1.862645149230957e-09, 1.862645149230957e-09, 0.0, 0.0, 0.0, 0.0, 0.0, -1.862645149230957e-09, 0.0], [0.0, 0.0, 4.656612873077393e-10, -3.725290298461914e-09, -2.7939677238464355e-09, 0.0, 0.0, 0.0, -1.862645149230957e-09, -1.862645149230957e-09, 0.0, 0.0, 0.0, 0.0, 0.0, 2.3283064365386963e-09], [0.0, 0.0, 0.0, -2.9103830456733704e-10, -1.862645149230957e-09, -9.313225746154785e-10, 4.656612873077393e-10, 0.0, 3.725290298461914e-09, 0.0, 0.0, 0.0, 0.0, 0.0, 0.0, 0.0], [0.0, -1.862645149230957e-09, 0.0, 0.0, 1.862645149230957e-09, 0.0, 0.0, 0.0, 0.0, 0.0, 0.0, 9.313225746154785e-10, 0.0, 0.0, -9.313225746154785e-10, 0.0], [0.0, 0.0, 3.725290298461914e-09, 0.0, -1.1641532182693481e-09, 0.0, 0.0, 9.313225746154785e-10, 0.0, -9.313225746154785e-10, 0.0, 0.0, 9.313225746154785e-10, -1.979060471057892e-09, 1.862645149230957e-09, 0.0], [-1.862645149230957e-09, 0.0, -4.656612873077393e-10, 0.0, 0.0, 6.984919309616089e-10, 0.0, 0.0, 0.0, 0.0, 0.0, 0.0, 0.0, 0.0, 0.0, 0.0], [9.313225746154785e-10, 0.0, 3.725290298461914e-09, 0.0, 0.0, 1.862645149230957e-09, 0.0, 0.0, 0.0, 0.0, 1.862645149230957e-09, -2.7939677238464355e-09, 0.0, 0.0, 0.0, 0.0], [-3.725290298461914e-09, -9.313225746154785e-10, 0.0, 0.0, 0.0, 0.0, 1.862645149230957e-09, 0.0, 0.0, 0.0, 0.0, 0.0, 0.0, 0.0, 0.0, 0.0], [4.656612873077393e-10, 0.0, 0.0, 0.0, 0.0, 0.0, -3.725290298461914e-09, 0.0, 0.0, 1.862645149230957e-09, -7.450580596923828e-09, 0.0, 0.0, 0.0, 0.0, 0.0], [-6.984919309616089e-10, 3.725290298461914e-09, -1.862645149230957e-09, 0.0, 0.0, 0.0, 1.862645149230957e-09, 0.0, 0.0, 0.0, 0.0, 3.725290298461914e-09, -1.3969838619232178e-09, 0.0, 0.0, -9.313225746154785e-10]], [[0.0, 0.0, 0.0], [0.0, 0.0, 0.0], [0.0, 0.0, 0.0], [0.0, 0.0, 0.0], [0.0, 0.0, 0.0], [0.0, 0.0, 0.0], [0.0, 0.0, 0.0], [0.0, 0.0, 0.0], [0.0, 0.0, 0.0], [0.0, 0.0, 0.0], [0.0, 0.0, 0.0], [0.0, 0.0, 0.0], [0.0, 0.0, 0.0], [0.0, 0.0, 0.0], [0.0, 0.0, 0.0], [0.0, 0.0, 0.0]]]
biases=[[0.0, 0.0, 0.0, 0.0, 0.0, 0.0, 0.0, 0.0, 0.0, 0.0, 0.0, 0.0, 0.0, 0.0, 0.0, 0.0], [0.0, 0.0, 0.0, 0.0, 0.0, 0.0, 0.0, 0.0, 0.0, 0.0, 0.0, 0.0, 0.0, 0.0, 0.0, 0.0], [0.0, -1.0, -1.0]]
