solver=cp_m
n_hidden_layers=0
examples_per_class=2
examples_skip=0
time_out=5
bound=678
is_optimal=True
num_branches=146
num_vars=123
objective=678
gap=0
total_time=0.0009397745132446289
is_sat=True
train_performance=1.0
test_performance=0.3745
weights=[[[1.0, -1.0, -1.0], [1.0, -1.0, -1.0], [1.0, -1.0, -1.0], [1.0, -1.0, -1.0], [1.0, -1.0, -1.0], [1.0, -1.0, -1.0], [1.0, 1.0, -1.0], [-1.0, 1.0, -1.0], [1.0, 1.0, 1.0], [1.0, -1.0, 1.0], [-1.0, 0.0, 1.0], [-1.0, 1.0, -1.0], [-1.0, 1.0, 0.0], [-1.0, 1.0, 1.0], [1.0, 1.0, 0.0], [0.0, 1.0, -1.0], [1.0, -1.0, 1.0], [-1.0, 1.0, 1.0], [-1.0, -1.0, 1.0], [-1.0, -1.0, -1.0], [-1.0, -1.0, -1.0], [-1.0, 1.0, 1.0], [1.0, -1.0, -1.0], [0.0, -1.0, 1.0], [-1.0, -1.0, 1.0], [-1.0, -1.0, -1.0], [-1.0, -1.0, 1.0], [-1.0, -1.0, 1.0], [1.0, -1.0, 1.0], [1.0, -1.0, 1.0], [-1.0, -1.0, 1.0], [-1.0, -1.0, 1.0], [-1.0, -1.0, 1.0], [-1.0, -1.0, 1.0], [-1.0, -1.0, -1.0], [-1.0, -1.0, -1.0], [-1.0, -1.0, -1.0], [-1.0, -1.0, -1.0], [-1.0, -1.0, 0.0], [-1.0, -1.0, 1.0], [0.0, 0.0, 0.0], [0.0, 0.0, 0.0], [0.0, 0.0, 0.0], [0.0, 0.0, 0.0], [0.0, 0.0, 0.0], [0.0, 0.0, 0.0], [0.0, 0.0, 0.0], [0.0, 0.0, 0.0], [0.0, 0.0, 0.0], [0.0, 0.0, 0.0]]]
biases=[[1.0, -1.0, -1.0]]
