solver=cp_m
n_hidden_layers=0
examples_per_class=3
examples_skip=0
time_out=5
bound=933
is_optimal=True
num_branches=436
num_vars=123
objective=933
gap=0
total_time=0.0010663231213887533
is_sat=True
train_performance=0.0
test_performance=0.0
weights=[[[1.0, 1.0, 1.0], [1.0, 1.0, 1.0], [1.0, 1.0, 1.0], [1.0, 1.0, 1.0], [1.0, 1.0, 1.0], [1.0, 1.0, 1.0], [0.0, 1.0, 1.0], [1.0, 1.0, 1.0], [1.0, 1.0, 0.0], [-1.0, 1.0, 1.0], [-1.0, 0.0, 0.0], [1.0, 0.0, 1.0], [1.0, 0.0, 0.0], [1.0, 1.0, 0.0], [1.0, 1.0, 1.0], [-1.0, -1.0, 0.0], [1.0, 1.0, 0.0], [-1.0, -1.0, 0.0], [1.0, 0.0, 0.0], [0.0, 1.0, 0.0], [0.0, 1.0, 0.0], [1.0, 0.0, 1.0], [1.0, -1.0, 1.0], [-1.0, 0.0, 0.0], [1.0, 0.0, 0.0], [-1.0, 1.0, 0.0], [1.0, 1.0, 0.0], [1.0, 1.0, 0.0], [1.0, 0.0, -1.0], [1.0, 0.0, 0.0], [0.0, 0.0, 1.0], [1.0, 1.0, 1.0], [-1.0, 1.0, 1.0], [1.0, 1.0, 1.0], [-1.0, 0.0, 1.0], [0.0, 1.0, -1.0], [-1.0, -1.0, -1.0], [-1.0, -1.0, 0.0], [1.0, 1.0, -1.0], [1.0, 1.0, 0.0], [0.0, 0.0, 0.0], [0.0, 0.0, 0.0], [0.0, 0.0, 0.0], [0.0, 0.0, 0.0], [0.0, 0.0, 0.0], [0.0, 0.0, 0.0], [0.0, 0.0, 0.0], [0.0, 0.0, 0.0], [0.0, 0.0, 0.0], [0.0, 0.0, 0.0]]]
biases=[[1.0, 1.0, 1.0]]
