solver=ha_w
n_hidden_layers=1
examples_per_class=2
examples_skip=0
time_out=5
cp_total_time=0.001772463321685791
cp_is_sat=True
cp_num_branches=704
cp_num_vars=707
mip_is_sat=True
mip_objective=22.0
mip_bound=22.0
mip_gap=0.0
mip_is_optimal=True
mip_num_nodes=105.0
mip_num_vars=2121
cp_weights=[[[1.0, -1.0, -1.0, -1.0, 1.0, 1.0, -1.0, 1.0, -1.0, 1.0, 1.0, -1.0, -1.0, -1.0, 1.0, -1.0], [-1.0, 0.0, 0.0, 1.0, 1.0, 1.0, 1.0, 1.0, 1.0, 1.0, 0.0, 0.0, -1.0, -1.0, 1.0, 1.0], [-1.0, -1.0, 0.0, -1.0, 0.0, 0.0, 0.0, 1.0, 0.0, -1.0, 1.0, 1.0, 0.0, 1.0, 0.0, 1.0], [-1.0, -1.0, -1.0, 0.0, -1.0, -1.0, 0.0, 1.0, -1.0, 0.0, -1.0, -1.0, 1.0, 1.0, 1.0, 1.0], [-1.0, 0.0, 1.0, 1.0, 1.0, 0.0, -1.0, 0.0, 1.0, 0.0, 1.0, 1.0, 0.0, -1.0, 1.0, 0.0], [1.0, -1.0, -1.0, -1.0, 0.0, 1.0, 1.0, 1.0, -1.0, 1.0, -1.0, 1.0, -1.0, 0.0, 0.0, 1.0], [0.0, -1.0, 1.0, 1.0, 1.0, 1.0, -1.0, 1.0, -1.0, 0.0, 1.0, -1.0, 1.0, -1.0, -1.0, 0.0], [1.0, 1.0, 1.0, 1.0, -1.0, -1.0, -1.0, 1.0, 1.0, 1.0, -1.0, 1.0, 0.0, -1.0, -1.0, -1.0], [-1.0, -1.0, -1.0, 0.0, -1.0, -1.0, -1.0, -1.0, 0.0, -1.0, -1.0, 1.0, 1.0, -1.0, 0.0, -1.0], [0.0, -1.0, 0.0, -1.0, -1.0, 1.0, 0.0, -1.0, 1.0, 0.0, -1.0, -1.0, 0.0, -1.0, -1.0, 1.0], [1.0, 1.0, 0.0, 0.0, -1.0, 0.0, 1.0, 1.0, 1.0, 1.0, -1.0, -1.0, -1.0, -1.0, 0.0, 0.0], [0.0, -1.0, -1.0, 1.0, 1.0, 0.0, 1.0, 0.0, 1.0, 1.0, -1.0, 1.0, 1.0, 0.0, 1.0, 0.0], [-1.0, 1.0, -1.0, -1.0, -1.0, 1.0, 0.0, -1.0, 1.0, 1.0, -1.0, -1.0, -1.0, 0.0, -1.0, 0.0], [-1.0, -1.0, 1.0, 1.0, 0.0, 1.0, -1.0, 1.0, 0.0, -1.0, 0.0, 0.0, -1.0, 0.0, 0.0, -1.0], [1.0, -1.0, 1.0, 1.0, 1.0, 1.0, -1.0, 0.0, 0.0, -1.0, 0.0, 0.0, 1.0, -1.0, -1.0, 0.0], [0.0, 1.0, 0.0, -1.0, 1.0, 1.0, 0.0, 0.0, -1.0, -1.0, 0.0, 1.0, 1.0, 1.0, -1.0, 1.0], [0.0, 1.0, 0.0, 0.0, -1.0, 1.0, 0.0, -1.0, 1.0, 1.0, 1.0, 0.0, 0.0, 0.0, 1.0, -1.0], [-1.0, -1.0, 1.0, 1.0, 1.0, 1.0, -1.0, -1.0, 0.0, 1.0, 0.0, 0.0, -1.0, -1.0, -1.0, -1.0], [-1.0, 1.0, 1.0, -1.0, 0.0, 0.0, 0.0, 1.0, -1.0, 1.0, 1.0, 0.0, 0.0, -1.0, 0.0, -1.0], [-1.0, 1.0, -1.0, 1.0, 1.0, -1.0, 1.0, -1.0, -1.0, -1.0, -1.0, 1.0, 1.0, 0.0, -1.0, -1.0], [1.0, 1.0, 0.0, 1.0, 1.0, 1.0, 0.0, 1.0, 1.0, 1.0, -1.0, 1.0, 0.0, 1.0, 0.0, 1.0], [-1.0, -1.0, 1.0, -1.0, -1.0, 0.0, -1.0, -1.0, 1.0, 1.0, 1.0, -1.0, 1.0, 0.0, 0.0, 1.0], [1.0, 1.0, -1.0, -1.0, 1.0, -1.0, -1.0, 1.0, 1.0, 1.0, 1.0, 1.0, 1.0, -1.0, -1.0, 0.0], [1.0, 1.0, 1.0, 0.0, 1.0, 1.0, 1.0, 0.0, 0.0, -1.0, 1.0, 0.0, 1.0, 0.0, 1.0, -1.0], [0.0, 0.0, 0.0, -1.0, 1.0, 1.0, 0.0, 1.0, -1.0, 0.0, 1.0, 0.0, 1.0, 1.0, 0.0, -1.0], [0.0, 0.0, -1.0, -1.0, 0.0, 0.0, 1.0, 0.0, -1.0, -1.0, 0.0, 0.0, -1.0, -1.0, 0.0, 0.0], [1.0, 0.0, -1.0, 0.0, -1.0, 0.0, 0.0, -1.0, 1.0, -1.0, -1.0, 1.0, 1.0, 1.0, 0.0, -1.0], [0.0, -1.0, 1.0, 1.0, 1.0, 0.0, -1.0, 1.0, 1.0, -1.0, 0.0, -1.0, -1.0, -1.0, -1.0, -1.0], [1.0, 1.0, 1.0, -1.0, -1.0, -1.0, -1.0, 1.0, 0.0, -1.0, 0.0, -1.0, -1.0, 1.0, 0.0, -1.0], [-1.0, 1.0, 0.0, -1.0, 0.0, 1.0, 0.0, 1.0, 1.0, -1.0, 0.0, 1.0, 0.0, 1.0, -1.0, -1.0], [0.0, 1.0, -1.0, 1.0, 1.0, -1.0, 1.0, 1.0, 0.0, -1.0, 1.0, -1.0, 0.0, 1.0, 0.0, -1.0], [-1.0, -1.0, -1.0, 1.0, -1.0, -1.0, 0.0, 1.0, 0.0, -1.0, 0.0, -1.0, 0.0, 0.0, 1.0, -1.0], [1.0, -1.0, 0.0, -1.0, 1.0, 1.0, 0.0, -1.0, -1.0, -1.0, 0.0, -1.0, 0.0, 1.0, 1.0, -1.0], [-1.0, 0.0, 1.0, 1.0, 0.0, 1.0, 0.0, 1.0, -1.0, 0.0, -1.0, 0.0, 1.0, -1.0, 0.0, -1.0], [-1.0, 0.0, -1.0, 0.0, 1.0, -1.0, 1.0, -1.0, 0.0, 1.0, 1.0, 1.0, 1.0, 1.0, 1.0, -1.0], [-1.0, 1.0, 0.0, 1.0, 0.0, 1.0, 0.0, -1.0, 1.0, 1.0, -1.0, 1.0, 0.0, -1.0, 0.0, -1.0], [-1.0, 1.0, 1.0, -1.0, 0.0, -1.0, 1.0, -1.0, 1.0, 1.0, 1.0, 0.0, 1.0, 0.0, 1.0, 1.0], [1.0, -1.0, 0.0, -1.0, 0.0, 1.0, 0.0, 0.0, -1.0, -1.0, 0.0, 1.0, -1.0, 0.0, -1.0, -1.0], [-1.0, 0.0, -1.0, 0.0, 1.0, -1.0, -1.0, -1.0, 1.0, 1.0, 0.0, 1.0, 0.0, 1.0, 0.0, 0.0], [0.0, 0.0, -1.0, 1.0, -1.0, 1.0, 0.0, 0.0, 1.0, -1.0, 1.0, -1.0, 1.0, -1.0, 1.0, 0.0], [0.0, 0.0, 0.0, 0.0, 0.0, 0.0, 0.0, 0.0, 0.0, 0.0, 0.0, 0.0, 0.0, 0.0, 0.0, 0.0], [0.0, 0.0, 0.0, 0.0, 0.0, 0.0, 0.0, 0.0, 0.0, 0.0, 0.0, 0.0, 0.0, 0.0, 0.0, 0.0], [0.0, 0.0, 0.0, 0.0, 0.0, 0.0, 0.0, 0.0, 0.0, 0.0, 0.0, 0.0, 0.0, 0.0, 0.0, 0.0], [0.0, 0.0, 0.0, 0.0, 0.0, 0.0, 0.0, 0.0, 0.0, 0.0, 0.0, 0.0, 0.0, 0.0, 0.0, 0.0], [0.0, 0.0, 0.0, 0.0, 0.0, 0.0, 0.0, 0.0, 0.0, 0.0, 0.0, 0.0, 0.0, 0.0, 0.0, 0.0], [0.0, 0.0, 0.0, 0.0, 0.0, 0.0, 0.0, 0.0, 0.0, 0.0, 0.0, 0.0, 0.0, 0.0, 0.0, 0.0], [0.0, 0.0, 0.0, 0.0, 0.0, 0.0, 0.0, 0.0, 0.0, 0.0, 0.0, 0.0, 0.0, 0.0, 0.0, 0.0], [0.0, 0.0, 0.0, 0.0, 0.0, 0.0, 0.0, 0.0, 0.0, 0.0, 0.0, 0.0, 0.0, 0.0, 0.0, 0.0], [0.0, 0.0, 0.0, 0.0, 0.0, 0.0, 0.0, 0.0, 0.0, 0.0, 0.0, 0.0, 0.0, 0.0, 0.0, 0.0], [0.0, 0.0, 0.0, 0.0, 0.0, 0.0, 0.0, 0.0, 0.0, 0.0, 0.0, 0.0, 0.0, 0.0, 0.0, 0.0]], [[0.0, 0.0, -1.0], [0.0, 0.0, 1.0], [0.0, 0.0, -1.0], [-1.0, -1.0, 0.0], [1.0, -1.0, -1.0], [1.0, -1.0, 1.0], [-1.0, -1.0, 0.0], [1.0, 1.0, 1.0], [1.0, 0.0, 1.0], [-1.0, 1.0, 0.0], [0.0, 0.0, 1.0], [1.0, -1.0, 0.0], [0.0, 1.0, -1.0], [1.0, 1.0, 0.0], [0.0, 0.0, 0.0], [0.0, 1.0, 1.0]]]
cp_biases=[[0.0, 0.0, 0.0, 1.0, 0.0, -1.0, 0.0, 0.0, 0.0, 0.0, 1.0, 0.0, 1.0, 1.0, 1.0, 1.0], [-1.0, 1.0, 0.0]]
total_time=0.012508952617645263
is_sat=True
train_performance=0.0
test_performance=0.0
weights=[[[0.0, 0.0, 0.0, 0.0, 0.0, 0.0, 0.0, 0.0, 0.0, 0.0, 0.0, 0.0, 0.0, 0.0, 0.0, 0.0], [0.0, 0.0, -1.0, 0.0, 0.0, 0.0, 0.0, 0.0, 0.0, 0.0, 0.0, 0.0, 0.0, 0.0, 0.0, 0.0], [0.0, -1.0, 0.0, 0.0, 0.0, 0.0, 0.0, 0.0, 0.0, 0.0, 0.0, 0.0, 0.0, 0.0, 0.0, 0.0], [0.0, 0.0, 0.0, -1.0, 0.0, 0.0, 0.0, 0.0, -1.0, 0.0, 0.0, 0.0, -1.0, 0.0, 0.0, 0.0], [0.0, 0.0, 0.0, 0.0, 0.0, 0.0, 0.0, 0.0, 0.0, 0.0, 0.0, 0.0, 0.0, 0.0, 0.0, 0.0], [-1.0, 0.0, 0.0, 0.0, 0.0, 0.0, 0.0, 0.0, 0.0, 0.0, 0.0, 0.0, 0.0, 0.0, 0.0, 0.0], [0.0, 0.0, 0.0, 0.0, 0.0, 0.0, -1.0, 0.0, 0.0, 0.0, 1.0, 0.0, 0.0, -1.0, 0.0, 0.0], [0.0, 0.0, 0.0, 0.0, 0.0, 0.0, 0.0, 0.0, 0.0, 0.0, 0.0, 0.0, 0.0, 0.0, 0.0, 0.0], [0.0, 0.0, 0.0, 0.0, 0.0, 0.0, 0.0, 0.0, 0.0, 0.0, 0.0, 0.0, 0.0, 0.0, 0.0, 0.0], [0.0, 0.0, 0.0, 0.0, 0.0, 0.0, 0.0, 0.0, 0.0, 0.0, 0.0, 0.0, 0.0, 0.0, 0.0, 0.0], [0.0, 0.0, 0.0, 0.0, 0.0, 0.0, 0.0, 0.0, 0.0, 0.0, 0.0, 0.0, 0.0, 0.0, 0.0, 0.0], [0.0, 0.0, 0.0, 1.0, 0.0, 0.0, 0.0, 0.0, 1.0, 0.0, 0.0, 0.0, 1.0, 0.0, 0.0, 0.0], [0.0, 0.0, 1.0, 0.0, 0.0, 0.0, 0.0, 0.0, 0.0, 0.0, -1.0, 0.0, 0.0, 0.0, 0.0, 0.0], [0.0, 0.0, 0.0, 0.0, 0.0, 0.0, 0.0, 0.0, 0.0, 0.0, 0.0, 0.0, 0.0, 0.0, 0.0, 0.0], [0.0, 0.0, 0.0, 0.0, 0.0, 0.0, 0.0, 0.0, 0.0, 0.0, 0.0, 0.0, 0.0, 0.0, 0.0, 0.0], [0.0, 0.0, 0.0, 0.0, 0.0, 0.0, 0.0, 0.0, 0.0, 0.0, 0.0, 0.0, 0.0, 0.0, 0.0, 0.0], [0.0, 1.0, 0.0, 0.0, 0.0, 0.0, 0.0, 0.0, 0.0, 0.0, 0.0, 0.0, 0.0, 0.0, -1.0, 0.0], [0.0, 0.0, 0.0, 0.0, 0.0, 0.0, 0.0, 0.0, 0.0, 0.0, 0.0, 0.0, 0.0, 0.0, 0.0, 0.0], [0.0, 0.0, 0.0, 0.0, 0.0, 0.0, 0.0, 0.0, 0.0, 0.0, 0.0, 0.0, 0.0, 0.0, 0.0, 0.0], [0.0, 0.0, 0.0, 0.0, 0.0, 0.0, 0.0, 0.0, 0.0, 0.0, 0.0, 0.0, 0.0, 0.0, 0.0, 0.0], [0.0, 0.0, 0.0, 0.0, 0.0, 0.0, 0.0, 0.0, 0.0, 0.0, 0.0, 0.0, 0.0, 0.0, 0.0, 0.0], [0.0, 0.0, 0.0, 0.0, 0.0, 0.0, 0.0, 0.0, 0.0, 0.0, 0.0, 0.0, 0.0, 0.0, 0.0, 0.0], [0.0, 0.0, 0.0, 0.0, 0.0, 0.0, 0.0, 0.0, 0.0, 0.0, 0.0, 0.0, 0.0, 0.0, 0.0, 0.0], [0.0, 0.0, 0.0, 0.0, 0.0, 0.0, 0.0, 0.0, 0.0, 0.0, 0.0, 0.0, 0.0, 0.0, 0.0, 0.0], [0.0, 0.0, 0.0, 0.0, 0.0, 0.0, 0.0, 0.0, 0.0, 0.0, 0.0, 0.0, 0.0, 0.0, 0.0, 0.0], [0.0, 0.0, 0.0, 0.0, 0.0, 0.0, 0.0, 0.0, 0.0, 0.0, 0.0, 0.0, 0.0, 0.0, 0.0, 0.0], [0.0, 0.0, 0.0, 0.0, 0.0, 0.0, 0.0, 0.0, 0.0, -1.0, 0.0, 0.0, 0.0, 0.0, 0.0, -1.0], [0.0, 0.0, 0.0, 0.0, 0.0, 0.0, 0.0, 0.0, 0.0, 0.0, 0.0, 0.0, 0.0, 0.0, 0.0, 0.0], [0.0, 0.0, 0.0, 0.0, 0.0, 0.0, 0.0, 0.0, 0.0, 0.0, 0.0, 0.0, 0.0, 0.0, 0.0, 0.0], [0.0, 0.0, 0.0, 0.0, 0.0, 0.0, 0.0, 0.0, 0.0, 0.0, 0.0, 0.0, 0.0, 0.0, 0.0, 0.0], [0.0, 0.0, 0.0, 0.0, 0.0, 0.0, 0.0, 0.0, 0.0, 0.0, 0.0, 0.0, 0.0, 0.0, 0.0, 0.0], [0.0, 0.0, 0.0, 0.0, 0.0, 0.0, 0.0, 0.0, 0.0, 0.0, 0.0, 0.0, 0.0, 0.0, 0.0, 0.0], [0.0, 0.0, 0.0, 0.0, 0.0, 0.0, 0.0, 0.0, 0.0, 0.0, 0.0, 0.0, 0.0, 0.0, 0.0, 0.0], [0.0, 0.0, 0.0, 0.0, 0.0, 0.0, 0.0, 0.0, 0.0, 0.0, 0.0, -1.0, 0.0, 0.0, 0.0, 0.0], [0.0, 0.0, 0.0, 0.0, 0.0, 0.0, 0.0, 0.0, 0.0, 0.0, 0.0, 0.0, 0.0, 0.0, 0.0, 0.0], [0.0, 0.0, 0.0, 0.0, 0.0, 0.0, 0.0, 0.0, 0.0, 0.0, 0.0, 0.0, 0.0, 0.0, 0.0, 0.0], [0.0, 0.0, 0.0, 0.0, 0.0, 0.0, 0.0, 0.0, 0.0, 0.0, 0.0, 0.0, 0.0, 0.0, 0.0, 0.0], [0.0, 0.0, 0.0, 0.0, 0.0, 0.0, 0.0, 0.0, 0.0, 0.0, 0.0, 0.0, 0.0, 0.0, 0.0, 0.0], [0.0, 0.0, 0.0, 0.0, 0.0, 0.0, 0.0, 0.0, 0.0, 0.0, 0.0, 0.0, 0.0, 0.0, 1.0, 0.0], [0.0, 0.0, 0.0, 0.0, 0.0, 0.0, 0.0, 0.0, 0.0, 0.0, 0.0, 0.0, 0.0, 0.0, 0.0, 0.0], [0.0, 0.0, 0.0, 0.0, 0.0, 0.0, 0.0, 0.0, 0.0, 0.0, 0.0, 0.0, 0.0, 0.0, 0.0, 0.0], [0.0, 0.0, 0.0, 0.0, 0.0, 0.0, 0.0, 0.0, 0.0, 0.0, 0.0, 0.0, 0.0, 0.0, 0.0, 0.0], [0.0, 0.0, 0.0, 0.0, 0.0, 0.0, 0.0, 0.0, 0.0, 0.0, 0.0, 0.0, 0.0, 0.0, 0.0, 0.0], [0.0, 0.0, 0.0, 0.0, 0.0, 0.0, 0.0, 0.0, 0.0, 0.0, 0.0, 0.0, 0.0, 0.0, 0.0, 0.0], [0.0, 0.0, 0.0, 0.0, 0.0, 0.0, 0.0, 0.0, 0.0, 0.0, 0.0, 0.0, 0.0, 0.0, 0.0, 0.0], [0.0, 0.0, 0.0, 0.0, 0.0, 0.0, 0.0, 0.0, 0.0, 0.0, 0.0, 0.0, 0.0, 0.0, 0.0, 0.0], [0.0, 0.0, 0.0, 0.0, 0.0, 0.0, 0.0, 0.0, 0.0, 0.0, 0.0, 0.0, 0.0, 0.0, 0.0, 0.0], [0.0, 0.0, 0.0, 0.0, 0.0, 0.0, 0.0, 0.0, 0.0, 0.0, 0.0, 0.0, 0.0, 0.0, 0.0, 0.0], [0.0, 0.0, 0.0, 0.0, 0.0, 0.0, 0.0, 0.0, 0.0, 0.0, 0.0, 0.0, 0.0, 0.0, 0.0, 0.0], [0.0, 0.0, 0.0, 0.0, 0.0, 0.0, 0.0, 0.0, 0.0, 0.0, 0.0, 0.0, 0.0, 0.0, 0.0, 0.0]], [[0.0, 0.0, 0.0], [0.0, 0.0, 0.0], [0.0, 0.0, 0.0], [0.0, 0.0, 0.0], [0.0, 0.0, 0.0], [0.0, 0.0, 0.0], [0.0, 0.0, 0.0], [0.0, 0.0, 0.0], [0.0, 0.0, 0.0], [0.0, 1.0, 0.0], [0.0, 0.0, 0.0], [0.0, 0.0, 0.0], [0.0, 0.0, 0.0], [0.0, 0.0, 0.0], [0.0, 0.0, 0.0], [0.0, 0.0, 0.0]]]
biases=[[0.0, 1.0, 0.0, 0.0, 0.0, 0.0, 0.0, 0.0, 0.0, 0.0, 0.0, 0.0, 0.0, 0.0, 0.0, 0.0], [0.0, 0.0, 0.0]]
