solver=ha_w
n_hidden_layers=0
examples_per_class=1
examples_skip=0
time_out=5
cp_total_time=0.0007649580637613932
cp_is_sat=True
cp_num_branches=102
cp_num_vars=105
mip_is_sat=True
mip_objective=5.0
mip_bound=5.0
mip_gap=0.0
mip_is_optimal=True
mip_num_nodes=1.0
mip_num_vars=315
cp_weights=[[[0.0, 1.0, 0.0], [-1.0, -1.0, 1.0], [0.0, 0.0, -1.0], [1.0, -1.0, 1.0], [-1.0, 1.0, 1.0], [1.0, -1.0, 0.0], [-1.0, 0.0, 0.0], [0.0, 0.0, 0.0], [1.0, 1.0, 0.0], [-1.0, 0.0, 0.0], [1.0, 1.0, 0.0], [0.0, 0.0, 0.0], [1.0, -1.0, 1.0], [-1.0, 0.0, 0.0], [1.0, 1.0, -1.0], [0.0, 1.0, 0.0], [-1.0, 1.0, 0.0], [0.0, 0.0, 1.0], [0.0, 0.0, 1.0], [1.0, 1.0, 0.0], [0.0, -1.0, 1.0], [0.0, 1.0, 1.0], [-1.0, 0.0, 0.0], [1.0, 1.0, 0.0], [0.0, 1.0, -1.0], [-1.0, 1.0, 1.0], [-1.0, 0.0, 1.0], [-1.0, -1.0, -1.0], [-1.0, 0.0, 0.0], [-1.0, 0.0, 0.0], [0.0, -1.0, -1.0], [0.0, 1.0, 1.0], [1.0, 1.0, -1.0], [1.0, 0.0, -1.0], [0.0, 0.0, 0.0], [0.0, 0.0, 0.0], [0.0, 0.0, 0.0], [0.0, 0.0, 0.0], [0.0, 0.0, 0.0], [0.0, 0.0, 0.0], [0.0, 0.0, 0.0], [0.0, 0.0, 0.0], [0.0, 0.0, 0.0], [0.0, 0.0, 0.0], [0.0, 0.0, 0.0], [0.0, 0.0, 0.0], [0.0, 0.0, 0.0], [0.0, 0.0, 0.0], [0.0, 0.0, 0.0], [0.0, 0.0, 0.0]]]
cp_biases=[[-1.0, 0.0, 0.0]]
total_time=0.003561397393544515
is_sat=True
train_performance=0.6666667
test_performance=0.5325
weights=[[[0.0, 0.0, 0.0], [0.0, 0.0, 0.0], [0.0, 0.0, 0.0], [0.0, 0.0, 0.0], [0.0, 0.0, 0.0], [0.0, 0.0, 0.0], [0.0, 0.0, 0.0], [0.0, 0.0, 0.0], [0.0, 0.0, 0.0], [0.0, 0.0, 0.0], [0.0, 0.0, 0.0], [0.0, 0.0, 0.0], [0.0, 0.0, 0.0], [0.0, 1.0, 1.0], [0.0, 0.0, 0.0], [0.0, 0.0, 0.0], [0.0, 0.0, 0.0], [0.0, 0.0, 0.0], [0.0, 0.0, 0.0], [0.0, 0.0, 0.0], [0.0, 0.0, 0.0], [0.0, 0.0, 0.0], [0.0, 0.0, 0.0], [0.0, 0.0, 0.0], [0.0, 0.0, 0.0], [0.0, 0.0, 0.0], [0.0, 0.0, 0.0], [0.0, 0.0, 0.0], [0.0, 0.0, 0.0], [0.0, 0.0, 0.0], [0.0, 0.0, 0.0], [0.0, 0.0, 0.0], [0.0, 0.0, 0.0], [-1.0, 0.0, 0.0], [0.0, 0.0, 0.0], [0.0, 0.0, 0.0], [0.0, 0.0, 0.0], [0.0, 0.0, 0.0], [0.0, 0.0, 0.0], [0.0, 0.0, 0.0], [0.0, 0.0, 0.0], [0.0, 0.0, 0.0], [0.0, 0.0, 0.0], [0.0, 0.0, 0.0], [0.0, 0.0, 0.0], [0.0, 0.0, 0.0], [0.0, 0.0, 0.0], [0.0, 0.0, 0.0], [0.0, 0.0, 0.0], [0.0, 0.0, 0.0]]]
biases=[[0.0, -1.0, -1.0]]
