solver=ha_w
n_hidden_layers=1
examples_per_class=1
examples_skip=0
time_out=5
cp_total_time=0.001533973217010498
cp_is_sat=True
cp_num_branches=609
cp_num_vars=611
mip_is_sat=True
mip_objective=17.0
mip_bound=17.0
mip_gap=0.0
mip_is_optimal=True
mip_num_nodes=1.0
mip_num_vars=1833
cp_weights=[[[1.0, 1.0, 1.0, 0.0, 1.0, -1.0, 1.0, 0.0, 1.0, 1.0, 1.0, -1.0, -1.0, 0.0, -1.0, 0.0], [1.0, -1.0, 1.0, 0.0, 1.0, 0.0, 1.0, -1.0, 0.0, 1.0, -1.0, -1.0, 0.0, 0.0, 1.0, -1.0], [1.0, 1.0, 0.0, -1.0, -1.0, 1.0, -1.0, -1.0, 1.0, 1.0, 0.0, 0.0, 1.0, 1.0, -1.0, -1.0], [1.0, 1.0, -1.0, 0.0, 0.0, 1.0, -1.0, -1.0, -1.0, -1.0, 1.0, -1.0, 0.0, 0.0, 0.0, -1.0], [0.0, 1.0, -1.0, -1.0, 1.0, 0.0, 0.0, 0.0, -1.0, -1.0, 1.0, 1.0, -1.0, 1.0, -1.0, 1.0], [-1.0, 0.0, 0.0, 1.0, 0.0, -1.0, -1.0, 0.0, -1.0, 0.0, 0.0, 0.0, 1.0, 0.0, 0.0, 1.0], [0.0, -1.0, 0.0, 0.0, 0.0, -1.0, 0.0, 1.0, 1.0, -1.0, 1.0, -1.0, 1.0, 0.0, -1.0, 0.0], [0.0, 1.0, -1.0, 0.0, 1.0, 0.0, 1.0, 0.0, 0.0, 0.0, 0.0, 1.0, -1.0, 0.0, -1.0, 0.0], [-1.0, 0.0, -1.0, 0.0, 1.0, -1.0, 1.0, -1.0, 0.0, 1.0, 1.0, 1.0, -1.0, 1.0, 0.0, -1.0], [1.0, 1.0, 1.0, -1.0, 0.0, 0.0, 1.0, -1.0, 1.0, 0.0, 1.0, -1.0, 1.0, 0.0, 0.0, -1.0], [0.0, 0.0, 0.0, 0.0, -1.0, -1.0, -1.0, 1.0, 0.0, 1.0, -1.0, 0.0, 1.0, 0.0, -1.0, 0.0], [0.0, 0.0, 0.0, -1.0, 0.0, -1.0, -1.0, 1.0, 0.0, 1.0, 1.0, 0.0, 1.0, -1.0, 0.0, 1.0], [1.0, -1.0, -1.0, 1.0, -1.0, 1.0, 1.0, -1.0, 1.0, 1.0, -1.0, 1.0, -1.0, -1.0, -1.0, 0.0], [1.0, -1.0, -1.0, 1.0, -1.0, -1.0, 1.0, 1.0, 1.0, 1.0, 1.0, 0.0, 1.0, -1.0, 1.0, 0.0], [1.0, -1.0, 0.0, 1.0, 1.0, -1.0, 1.0, -1.0, -1.0, 0.0, 1.0, 1.0, 0.0, -1.0, -1.0, 1.0], [1.0, 0.0, 0.0, 1.0, -1.0, 1.0, 1.0, -1.0, -1.0, -1.0, -1.0, 1.0, 1.0, 0.0, -1.0, 1.0], [0.0, -1.0, 1.0, 1.0, 1.0, 1.0, 0.0, -1.0, 1.0, -1.0, 0.0, -1.0, -1.0, 1.0, -1.0, 1.0], [-1.0, -1.0, -1.0, 0.0, 1.0, -1.0, 0.0, 1.0, -1.0, 1.0, 0.0, 0.0, 0.0, -1.0, 1.0, -1.0], [-1.0, 0.0, -1.0, -1.0, 0.0, 1.0, 1.0, 1.0, 0.0, 1.0, 0.0, 1.0, 0.0, -1.0, 0.0, 1.0], [-1.0, -1.0, 0.0, 1.0, 1.0, 0.0, -1.0, 0.0, 1.0, 1.0, 1.0, 1.0, -1.0, -1.0, -1.0, 0.0], [1.0, 0.0, -1.0, 0.0, -1.0, 1.0, 0.0, 1.0, 1.0, 1.0, 0.0, 0.0, 0.0, 0.0, 0.0, 1.0], [-1.0, 1.0, 1.0, 0.0, -1.0, 0.0, -1.0, -1.0, 0.0, 1.0, 0.0, 0.0, 0.0, 0.0, 1.0, 0.0], [0.0, 1.0, 0.0, 0.0, 1.0, 1.0, 0.0, 0.0, 0.0, -1.0, -1.0, -1.0, 0.0, -1.0, 0.0, 1.0], [0.0, -1.0, -1.0, -1.0, 1.0, 0.0, 0.0, -1.0, -1.0, 1.0, -1.0, -1.0, -1.0, 0.0, 1.0, 1.0], [0.0, 1.0, -1.0, -1.0, 0.0, -1.0, 1.0, -1.0, -1.0, -1.0, 0.0, 1.0, -1.0, -1.0, -1.0, -1.0], [1.0, -1.0, 1.0, 1.0, 1.0, 0.0, 1.0, 0.0, -1.0, 1.0, 1.0, -1.0, 0.0, 1.0, 0.0, -1.0], [1.0, -1.0, 1.0, 0.0, 1.0, 1.0, 1.0, 0.0, -1.0, 0.0, -1.0, 1.0, -1.0, 1.0, 1.0, -1.0], [0.0, 0.0, 0.0, -1.0, -1.0, 1.0, 1.0, -1.0, 0.0, -1.0, 1.0, 1.0, 0.0, -1.0, 1.0, -1.0], [1.0, 0.0, 0.0, 0.0, 0.0, 1.0, 1.0, 0.0, 0.0, -1.0, 0.0, 0.0, 1.0, 1.0, 1.0, -1.0], [-1.0, -1.0, -1.0, 1.0, 0.0, 0.0, 1.0, 1.0, 1.0, 1.0, -1.0, 1.0, 0.0, -1.0, -1.0, 1.0], [0.0, -1.0, 0.0, 0.0, 1.0, 1.0, 1.0, 1.0, 0.0, 0.0, 0.0, -1.0, -1.0, 0.0, 0.0, 0.0], [-1.0, 0.0, 1.0, 1.0, -1.0, 0.0, -1.0, 1.0, -1.0, 0.0, 1.0, 0.0, 1.0, 0.0, -1.0, -1.0], [1.0, 1.0, 1.0, -1.0, -1.0, -1.0, -1.0, 0.0, 0.0, 1.0, 0.0, 1.0, 1.0, 0.0, 1.0, -1.0], [-1.0, -1.0, -1.0, 1.0, -1.0, -1.0, 0.0, 0.0, 0.0, -1.0, -1.0, 1.0, 1.0, -1.0, -1.0, 0.0], [0.0, 0.0, 0.0, 0.0, 0.0, 0.0, 0.0, 0.0, 0.0, 0.0, 0.0, 0.0, 0.0, 0.0, 0.0, 0.0], [0.0, 0.0, 0.0, 0.0, 0.0, 0.0, 0.0, 0.0, 0.0, 0.0, 0.0, 0.0, 0.0, 0.0, 0.0, 0.0], [0.0, 0.0, 0.0, 0.0, 0.0, 0.0, 0.0, 0.0, 0.0, 0.0, 0.0, 0.0, 0.0, 0.0, 0.0, 0.0], [0.0, 0.0, 0.0, 0.0, 0.0, 0.0, 0.0, 0.0, 0.0, 0.0, 0.0, 0.0, 0.0, 0.0, 0.0, 0.0], [0.0, 0.0, 0.0, 0.0, 0.0, 0.0, 0.0, 0.0, 0.0, 0.0, 0.0, 0.0, 0.0, 0.0, 0.0, 0.0], [0.0, 0.0, 0.0, 0.0, 0.0, 0.0, 0.0, 0.0, 0.0, 0.0, 0.0, 0.0, 0.0, 0.0, 0.0, 0.0], [0.0, 0.0, 0.0, 0.0, 0.0, 0.0, 0.0, 0.0, 0.0, 0.0, 0.0, 0.0, 0.0, 0.0, 0.0, 0.0], [0.0, 0.0, 0.0, 0.0, 0.0, 0.0, 0.0, 0.0, 0.0, 0.0, 0.0, 0.0, 0.0, 0.0, 0.0, 0.0], [0.0, 0.0, 0.0, 0.0, 0.0, 0.0, 0.0, 0.0, 0.0, 0.0, 0.0, 0.0, 0.0, 0.0, 0.0, 0.0], [0.0, 0.0, 0.0, 0.0, 0.0, 0.0, 0.0, 0.0, 0.0, 0.0, 0.0, 0.0, 0.0, 0.0, 0.0, 0.0], [0.0, 0.0, 0.0, 0.0, 0.0, 0.0, 0.0, 0.0, 0.0, 0.0, 0.0, 0.0, 0.0, 0.0, 0.0, 0.0], [0.0, 0.0, 0.0, 0.0, 0.0, 0.0, 0.0, 0.0, 0.0, 0.0, 0.0, 0.0, 0.0, 0.0, 0.0, 0.0], [0.0, 0.0, 0.0, 0.0, 0.0, 0.0, 0.0, 0.0, 0.0, 0.0, 0.0, 0.0, 0.0, 0.0, 0.0, 0.0], [0.0, 0.0, 0.0, 0.0, 0.0, 0.0, 0.0, 0.0, 0.0, 0.0, 0.0, 0.0, 0.0, 0.0, 0.0, 0.0], [0.0, 0.0, 0.0, 0.0, 0.0, 0.0, 0.0, 0.0, 0.0, 0.0, 0.0, 0.0, 0.0, 0.0, 0.0, 0.0], [0.0, 0.0, 0.0, 0.0, 0.0, 0.0, 0.0, 0.0, 0.0, 0.0, 0.0, 0.0, 0.0, 0.0, 0.0, 0.0]], [[1.0, 0.0, 0.0], [1.0, 0.0, 0.0], [-1.0, -1.0, 0.0], [-1.0, 0.0, -1.0], [1.0, 0.0, -1.0], [-1.0, 0.0, -1.0], [-1.0, 0.0, 0.0], [1.0, -1.0, -1.0], [1.0, -1.0, -1.0], [0.0, -1.0, -1.0], [1.0, -1.0, -1.0], [-1.0, 1.0, 1.0], [1.0, 0.0, 1.0], [1.0, 0.0, 0.0], [0.0, 1.0, 0.0], [1.0, -1.0, -1.0]]]
cp_biases=[[0.0, 1.0, 1.0, 0.0, 0.0, -1.0, 1.0, -1.0, 0.0, 1.0, -1.0, 0.0, -1.0, 1.0, -1.0, 1.0], [-1.0, -1.0, 1.0]]
total_time=0.0071064432462056475
is_sat=True
train_performance=0.33333334
test_performance=0.3485
weights=[[[0.0, 0.0, 0.0, 0.0, 0.0, -1.0, 0.0, 0.0, 0.0, 0.0, 0.0, 0.0, 0.0, 0.0, -1.0, 0.0], [0.0, 0.0, 0.0, 0.0, 0.0, 0.0, 0.0, 0.0, 0.0, 0.0, 0.0, 0.0, 0.0, 0.0, 0.0, 0.0], [0.0, 0.0, 0.0, 0.0, 0.0, 0.0, 0.0, 0.0, 0.0, 0.0, 0.0, 0.0, 0.0, 0.0, 0.0, 0.0], [0.0, 0.0, 0.0, 0.0, 0.0, 0.0, 0.0, -1.0, 0.0, 0.0, 0.0, 0.0, 0.0, 0.0, 0.0, 0.0], [0.0, 0.0, 0.0, 0.0, 0.0, 0.0, 0.0, 0.0, 0.0, 0.0, 0.0, 0.0, 0.0, 0.0, 0.0, 0.0], [0.0, 0.0, 0.0, 0.0, 0.0, 0.0, 0.0, 0.0, 0.0, 0.0, 0.0, 0.0, 0.0, 0.0, 0.0, 0.0], [0.0, 0.0, 0.0, 0.0, 0.0, 0.0, 0.0, 0.0, 0.0, 0.0, 0.0, 0.0, 0.0, 0.0, 0.0, 0.0], [0.0, 0.0, 0.0, 0.0, 0.0, 0.0, 0.0, 0.0, 0.0, 0.0, 0.0, 0.0, 0.0, 0.0, 0.0, 0.0], [0.0, 0.0, 0.0, 0.0, 0.0, 0.0, 0.0, 0.0, 0.0, 0.0, 0.0, 0.0, 0.0, 0.0, 0.0, 0.0], [0.0, 0.0, 0.0, 0.0, 0.0, 0.0, 0.0, 0.0, 0.0, 0.0, 0.0, 0.0, 0.0, 0.0, 0.0, 0.0], [0.0, -1.0, -1.0, 0.0, 0.0, 0.0, 0.0, 0.0, -1.0, 0.0, 0.0, 0.0, 0.0, -1.0, 0.0, 0.0], [0.0, 0.0, 0.0, 0.0, 0.0, 0.0, 0.0, 0.0, 0.0, 0.0, 0.0, 0.0, 0.0, 0.0, 0.0, 0.0], [0.0, 0.0, 0.0, 0.0, 0.0, 0.0, 0.0, 0.0, 0.0, 0.0, 0.0, 0.0, 0.0, 0.0, 0.0, 0.0], [0.0, 0.0, 0.0, 0.0, 0.0, 0.0, 0.0, 0.0, 0.0, 0.0, 0.0, 0.0, 0.0, 0.0, 0.0, 0.0], [0.0, 0.0, 0.0, 0.0, 0.0, 0.0, 0.0, 0.0, 0.0, 0.0, 0.0, 0.0, 0.0, 0.0, 0.0, 0.0], [0.0, 0.0, 0.0, 0.0, 0.0, 0.0, 0.0, 0.0, 0.0, 0.0, 0.0, 0.0, 0.0, 0.0, 0.0, 0.0], [0.0, 0.0, 0.0, 0.0, 0.0, 0.0, 0.0, 0.0, 0.0, 0.0, 0.0, 0.0, 0.0, 0.0, 0.0, 0.0], [0.0, 0.0, 0.0, 1.0, 0.0, 0.0, 1.0, 0.0, 0.0, 0.0, 0.0, 1.0, 0.0, 0.0, 0.0, 0.0], [0.0, 0.0, 0.0, 0.0, 0.0, 0.0, 0.0, 0.0, 0.0, 0.0, 0.0, 0.0, 0.0, 0.0, 0.0, 0.0], [0.0, 0.0, 0.0, 0.0, 0.0, 0.0, 0.0, 0.0, 0.0, 0.0, 0.0, 0.0, 0.0, 0.0, 0.0, 0.0], [0.0, 0.0, 0.0, 0.0, 0.0, 0.0, 0.0, 0.0, 0.0, 0.0, 0.0, 0.0, 0.0, 0.0, 0.0, 0.0], [0.0, 0.0, 0.0, 0.0, 0.0, 0.0, 0.0, 0.0, 0.0, 0.0, 0.0, 0.0, 0.0, 0.0, 0.0, 0.0], [0.0, 0.0, 0.0, 0.0, 0.0, 0.0, 0.0, 0.0, 0.0, 0.0, 0.0, 0.0, 0.0, 0.0, 0.0, 0.0], [0.0, 0.0, 0.0, 0.0, 0.0, 0.0, 0.0, 0.0, 0.0, 0.0, 0.0, 0.0, 0.0, 0.0, 0.0, 0.0], [0.0, 0.0, 0.0, 0.0, 0.0, 0.0, 0.0, 0.0, 0.0, 0.0, 0.0, 0.0, 0.0, 0.0, 0.0, 0.0], [0.0, 0.0, 0.0, 0.0, 0.0, 0.0, 0.0, 0.0, 0.0, 0.0, 0.0, 0.0, 0.0, 0.0, 0.0, 0.0], [0.0, 0.0, 0.0, 0.0, 0.0, 0.0, 0.0, 0.0, 0.0, 0.0, 0.0, 0.0, 0.0, 0.0, 0.0, 0.0], [0.0, 0.0, 0.0, 0.0, 0.0, 0.0, 0.0, 0.0, 0.0, 0.0, 0.0, 0.0, 0.0, 0.0, 0.0, 0.0], [0.0, 0.0, 0.0, 0.0, 0.0, 0.0, 0.0, 0.0, 0.0, 0.0, 0.0, 0.0, 0.0, 0.0, 0.0, 0.0], [0.0, 0.0, 0.0, 0.0, 0.0, 0.0, 0.0, 0.0, 0.0, 0.0, 0.0, 0.0, 0.0, 0.0, 0.0, 0.0], [0.0, 0.0, 0.0, 0.0, 0.0, 0.0, 0.0, 0.0, 0.0, 0.0, 0.0, 0.0, 0.0, 0.0, 0.0, 0.0], [0.0, 0.0, 0.0, 0.0, 0.0, 0.0, 0.0, 0.0, 0.0, 0.0, 0.0, 0.0, 0.0, 0.0, 0.0, 0.0], [0.0, 0.0, 0.0, 0.0, 0.0, 0.0, 0.0, 0.0, 0.0, 0.0, 0.0, 0.0, 0.0, 0.0, 0.0, 0.0], [0.0, 0.0, 0.0, 0.0, 0.0, 1.0, 0.0, 0.0, 0.0, 0.0, 0.0, 0.0, 0.0, 0.0, 0.0, 0.0], [0.0, 0.0, 0.0, 0.0, 0.0, 0.0, 0.0, 0.0, 0.0, 0.0, 0.0, 0.0, 0.0, 0.0, 0.0, 0.0], [0.0, 0.0, 0.0, 0.0, 0.0, 0.0, 0.0, 0.0, 0.0, 0.0, 0.0, 0.0, 0.0, 0.0, 0.0, 0.0], [0.0, 0.0, 0.0, 0.0, 0.0, 0.0, 0.0, 0.0, 0.0, 0.0, 0.0, 0.0, 0.0, 0.0, 0.0, 0.0], [0.0, 0.0, 0.0, 0.0, 0.0, 0.0, 0.0, 0.0, 0.0, 0.0, 0.0, 0.0, 0.0, 0.0, 0.0, 0.0], [0.0, 0.0, 0.0, 0.0, 0.0, 0.0, 0.0, 0.0, 0.0, 0.0, 0.0, 0.0, 0.0, 0.0, 0.0, 0.0], [0.0, 0.0, 0.0, 0.0, 0.0, 0.0, 0.0, 0.0, 0.0, 0.0, 0.0, 0.0, 0.0, 0.0, 0.0, 0.0], [0.0, 0.0, 0.0, 0.0, 0.0, 0.0, 0.0, 0.0, 0.0, 0.0, 0.0, 0.0, 0.0, 0.0, 0.0, 0.0], [0.0, 0.0, 0.0, 0.0, 0.0, 0.0, 0.0, 0.0, 0.0, 0.0, 0.0, 0.0, 0.0, 0.0, 0.0, 0.0], [0.0, 0.0, 0.0, 0.0, 0.0, 0.0, 0.0, 0.0, 0.0, 0.0, 0.0, 0.0, 0.0, 0.0, 0.0, 0.0], [0.0, 0.0, 0.0, 0.0, 0.0, 0.0, 0.0, 0.0, 0.0, 0.0, 0.0, 0.0, 0.0, 0.0, 0.0, 0.0], [0.0, 0.0, 0.0, 0.0, 0.0, 0.0, 0.0, 0.0, 0.0, 0.0, 0.0, 0.0, 0.0, 0.0, 0.0, 0.0], [0.0, 0.0, 0.0, 0.0, 0.0, 0.0, 0.0, 0.0, 0.0, 0.0, 0.0, 0.0, 0.0, 0.0, 0.0, 0.0], [0.0, 0.0, 0.0, 0.0, 0.0, 0.0, 0.0, 0.0, 0.0, 0.0, 0.0, 0.0, 0.0, 0.0, 0.0, 0.0], [0.0, 0.0, 0.0, 0.0, 0.0, 0.0, 0.0, 0.0, 0.0, 0.0, 0.0, 0.0, 0.0, 0.0, 0.0, 0.0], [0.0, 0.0, 0.0, 0.0, 0.0, 0.0, 0.0, 0.0, 0.0, 0.0, 0.0, 0.0, 0.0, 0.0, 0.0, 0.0], [0.0, 0.0, 0.0, 0.0, 0.0, 0.0, 0.0, 0.0, 0.0, 0.0, 0.0, 0.0, 0.0, 0.0, 0.0, 0.0]], [[0.0, 0.0, 0.0], [0.0, 0.0, 0.0], [0.0, 0.0, 0.0], [0.0, 0.0, 0.0], [0.0, 0.0, 0.0], [0.0, 0.0, 0.0], [0.0, 0.0, 0.0], [0.0, 0.0, 0.0], [0.0, 0.0, 0.0], [0.0, 0.0, 0.0], [0.0, 0.0, 0.0], [0.0, 0.0, 0.0], [0.0, 0.0, 0.0], [1.0, -1.0, 0.0], [0.0, 0.0, 0.0], [0.0, 0.0, 0.0]]]
biases=[[0.0, 0.0, 0.0, -1.0, 0.0, 0.0, -1.0, 0.0, 0.0, 0.0, 0.0, -1.0, 0.0, 0.0, 0.0, -1.0], [0.0, 0.0, 0.0]]
