solver=mip_m
n_hidden_layers=1
examples_per_class=3
examples_skip=0
time_out=5
objective=1500345.993
bound=1500496.7612778766
gap=0.00010048900625586884
is_optimal=False
num_nodes=276413.0
num_vars=1427
total_time=5.0066393931706745
is_sat=True
train_performance=0.5555556
test_performance=0.3785
weights=[[[0.0, 0.0, 1.0, 0.0, 0.0, 0.0, 1.0, -1.0, -1.0, 0.0, 0.0, 0.0, -1.0, 0.0, 0.0, 0.0], [0.0, 1.0, 1.0, 1.0, 0.0, 0.0, -1.0, 1.0, 0.0, 1.0, 0.0, 1.0, 1.0, -1.0, 1.0, 0.0], [0.0, 0.0, -1.0, 1.0, -1.0, 0.0, 1.0, -1.0, 1.0, 0.0, 1.0, 0.0, -1.0, 1.0, -1.0, -1.0], [1.0, 1.0, 0.0, 0.0, 0.0, 0.0, -1.0, -1.0, 0.0, 1.0, 0.0, 0.0, 1.0, 1.0, 1.0, 0.0], [0.0, -1.0, -1.0, -1.0, 0.0, 0.0, 0.0, 1.0, 1.0, -1.0, 0.0, 0.0, 0.0, 0.0, 0.0, 0.0], [0.0, 0.0, 1.0, -1.0, 1.0, 0.0, -1.0, -1.0, -1.0, 0.0, -1.0, 0.0, 1.0, -1.0, 1.0, 1.0], [0.0, -1.0, 1.0, 0.0, -1.0, 1.0, 1.0, -1.0, -1.0, 1.0, -1.0, 0.0, -1.0, 1.0, -1.0, 1.0], [-1.0, -1.0, 1.0, 0.0, 1.0, 0.0, 1.0, 1.0, 0.0, -1.0, 0.0, -1.0, -1.0, 0.0, -1.0, 0.0], [0.0, 1.0, -1.0, -1.0, 1.0, 0.0, 1.0, 1.0, 0.0, -1.0, 1.0, -1.0, -1.0, -1.0, 1.0, 0.0], [0.0, 0.0, -1.0, 1.0, -1.0, -1.0, -1.0, 1.0, -1.0, -1.0, 1.0, 0.0, 1.0, 0.0, 0.0, -1.0], [-1.0, 1.0, 0.0, -1.0, 1.0, 0.0, 0.0, 1.0, 0.0, 0.0, -1.0, -1.0, 1.0, -1.0, -1.0, 1.0], [-1.0, -1.0, -1.0, 0.0, -1.0, 1.0, 0.0, 1.0, 1.0, -1.0, -1.0, 1.0, 0.0, -1.0, -1.0, 1.0], [0.0, 1.0, 1.0, -1.0, 1.0, -1.0, 1.0, 1.0, -1.0, -1.0, 0.0, -1.0, 0.0, -1.0, 0.0, -1.0], [1.0, 0.0, -1.0, -1.0, 1.0, -1.0, -1.0, -1.0, 0.0, 1.0, -1.0, -1.0, -1.0, 1.0, 1.0, 0.0], [0.0, 0.0, 0.0, 1.0, -1.0, 1.0, 1.0, 1.0, 1.0, 0.0, 1.0, 1.0, -1.0, 1.0, -1.0, 0.0], [1.0, -1.0, 0.0, 1.0, 0.0, 1.0, 0.0, 1.0, -1.0, 1.0, 0.0, 1.0, 1.0, 1.0, -1.0, -1.0], [0.0, 0.0, 0.0, -1.0, 0.0, 1.0, -1.0, -1.0, 1.0, -1.0, 0.0, 1.0, 1.0, 1.0, 0.0, 0.0], [-1.0, 1.0, 1.0, 0.0, 0.0, -1.0, -1.0, 1.0, 1.0, 1.0, 0.0, 0.0, 1.0, -1.0, 1.0, 1.0], [1.0, 0.0, 0.0, 0.0, -1.0, 1.0, 0.0, 1.0, -1.0, 1.0, 1.0, 1.0, -1.0, 0.0, 0.0, -1.0], [1.0, 0.0, 1.0, 1.0, 0.0, -1.0, 1.0, -1.0, -1.0, 0.0, 1.0, 0.0, -1.0, -1.0, 1.0, -1.0], [-1.0, 1.0, -1.0, 1.0, 1.0, -1.0, -1.0, 1.0, -1.0, 1.0, 0.0, 0.0, 1.0, 1.0, -1.0, -1.0], [0.0, -1.0, -1.0, -1.0, -1.0, 1.0, -1.0, 1.0, -1.0, -1.0, 0.0, 0.0, 0.0, 1.0, 1.0, 1.0], [-1.0, 1.0, 0.0, 0.0, 0.0, -1.0, 1.0, 0.0, 1.0, -1.0, -1.0, 0.0, 0.0, 0.0, -1.0, -1.0], [0.0, -1.0, 1.0, 1.0, 1.0, 0.0, 1.0, 1.0, 0.0, 1.0, 0.0, -1.0, -1.0, -1.0, -1.0, 0.0], [0.0, 1.0, 0.0, -1.0, 1.0, -1.0, 1.0, -1.0, 1.0, -1.0, -1.0, -1.0, -1.0, 1.0, -1.0, -1.0], [1.0, 0.0, 1.0, -1.0, 1.0, -1.0, -1.0, 1.0, 1.0, -1.0, 1.0, 1.0, 1.0, -1.0, 1.0, 1.0], [1.0, 0.0, 1.0, 0.0, -1.0, 1.0, -1.0, 1.0, 1.0, -1.0, -1.0, -1.0, -1.0, 0.0, -1.0, -1.0], [-1.0, -1.0, -1.0, -1.0, -1.0, 1.0, -1.0, 1.0, 0.0, -1.0, 1.0, 0.0, 1.0, 1.0, -1.0, -1.0], [-1.0, -1.0, -1.0, 1.0, 0.0, -1.0, -1.0, 1.0, 0.0, 1.0, 1.0, -1.0, 1.0, 0.0, 1.0, 1.0], [0.0, 0.0, -1.0, 1.0, -1.0, 0.0, 1.0, 1.0, -1.0, 1.0, 1.0, -1.0, -1.0, -1.0, -1.0, 1.0], [0.0, 1.0, 1.0, 1.0, -1.0, 1.0, 0.0, 1.0, -1.0, 1.0, -1.0, 1.0, 0.0, -1.0, 1.0, 0.0], [1.0, 0.0, 1.0, 1.0, 0.0, 1.0, -1.0, 1.0, 1.0, 1.0, 0.0, 1.0, 1.0, 1.0, 1.0, 1.0], [0.0, 1.0, -1.0, -1.0, 0.0, 0.0, 1.0, 1.0, -1.0, 1.0, -1.0, 0.0, -1.0, 1.0, -1.0, 0.0], [0.0, -1.0, -1.0, -1.0, 1.0, -1.0, 1.0, 1.0, 0.0, -1.0, 0.0, 1.0, 0.0, 1.0, 1.0, -1.0], [-1.0, -1.0, 1.0, -1.0, 0.0, 1.0, 0.0, 1.0, 1.0, 0.0, 0.0, -1.0, 1.0, 1.0, -1.0, 1.0], [-1.0, 1.0, 1.0, 0.0, 1.0, -1.0, -1.0, 1.0, 1.0, 1.0, 1.0, -1.0, 1.0, 1.0, 0.0, 0.0], [0.0, 0.0, -1.0, -1.0, 1.0, 1.0, 1.0, 1.0, -1.0, -1.0, 1.0, -1.0, -1.0, -1.0, -1.0, -1.0], [-1.0, -1.0, -1.0, 1.0, 1.0, -1.0, -1.0, 1.0, -1.0, -1.0, -1.0, 1.0, -1.0, -1.0, -1.0, -1.0], [1.0, 1.0, -1.0, -1.0, 1.0, -1.0, 1.0, 1.0, -1.0, 1.0, 0.0, -1.0, -1.0, -1.0, -1.0, 1.0], [-1.0, 0.0, 1.0, 0.0, 0.0, 1.0, 1.0, 1.0, -1.0, 0.0, -1.0, 1.0, 1.0, -1.0, 1.0, 1.0], [0.0, 0.0, 0.0, 0.0, 0.0, 0.0, 0.0, 0.0, 0.0, 0.0, 0.0, 0.0, 0.0, 0.0, 0.0, 0.0], [0.0, 0.0, 0.0, 0.0, 0.0, 0.0, 0.0, 0.0, 0.0, 0.0, 0.0, 0.0, 0.0, 0.0, 0.0, 0.0], [0.0, 0.0, 0.0, 0.0, 0.0, 0.0, 0.0, 0.0, 0.0, 0.0, 0.0, 0.0, 0.0, 0.0, 0.0, 0.0], [0.0, 0.0, 0.0, 0.0, 0.0, 0.0, 0.0, 0.0, 0.0, 0.0, 0.0, 0.0, 0.0, 0.0, 0.0, 0.0], [0.0, 0.0, 0.0, 0.0, 0.0, 0.0, 0.0, 0.0, 0.0, 0.0, 0.0, 0.0, 0.0, 0.0, 0.0, 0.0], [0.0, 0.0, 0.0, 0.0, 0.0, 0.0, 0.0, 0.0, 0.0, 0.0, 0.0, 0.0, 0.0, 0.0, 0.0, 0.0], [0.0, 0.0, 0.0, 0.0, 0.0, 0.0, 0.0, 0.0, 0.0, 0.0, 0.0, 0.0, 0.0, 0.0, 0.0, 0.0], [0.0, 0.0, 0.0, 0.0, 0.0, 0.0, 0.0, 0.0, 0.0, 0.0, 0.0, 0.0, 0.0, 0.0, 0.0, 0.0], [0.0, 0.0, 0.0, 0.0, 0.0, 0.0, 0.0, 0.0, 0.0, 0.0, 0.0, 0.0, 0.0, 0.0, 0.0, 0.0], [0.0, 0.0, 0.0, 0.0, 0.0, 0.0, 0.0, 0.0, 0.0, 0.0, 0.0, 0.0, 0.0, 0.0, 0.0, 0.0]], [[0.0, 1.0, 0.0], [0.0, -1.0, 0.0], [0.0, 1.0, 0.0], [-1.0, -1.0, -1.0], [-1.0, 1.0, -1.0], [0.0, -1.0, 0.0], [0.0, 1.0, 0.0], [1.0, 1.0, 1.0], [1.0, -1.0, 1.0], [-1.0, 1.0, -1.0], [1.0, 1.0, 1.0], [1.0, -1.0, 1.0], [-1.0, 1.0, -1.0], [1.0, 1.0, 1.0], [-1.0, -1.0, -1.0], [1.0, -1.0, 1.0]]]
biases=[[1.0, -1.0, -1.0, 1.0, -1.0, 1.0, -1.0, 1.0, -1.0, -1.0, 1.0, 0.0, -1.0, 1.0, -1.0, -1.0], [-1.0, 0.0, -1.0]]
