solver=mip_m
n_hidden_layers=2
examples_per_class=3
examples_skip=0
time_out=5
objective=3099713.978
bound=3100019.9829999986
gap=9.872039877560962e-05
is_optimal=True
num_nodes=3851.0
num_vars=2419
total_time=2.0213721990585327
is_sat=True
train_performance=0.0
test_performance=0.0
weights=[[[0.0, 0.0, 0.0, 0.0, 0.0, 0.0, -0.0, 0.0, 0.0, 0.0, 0.0, 0.0, 1.0, 0.0, 1.0, 1.0], [0.0, 0.0, 0.0, 0.0, -1.0, -1.0, 0.0, 0.0, 1.0, 0.0, 0.0, 1.0, 0.0, 0.0, 0.0, 1.0], [0.0, 0.0, 0.0, 1.0, 1.0, 1.0, 1.0, 1.0, 1.0, 1.0, 1.0, 0.0, 0.0, 0.0, 1.0, -1.0], [1.0, 1.0, 0.0, 0.0, -1.0, 0.0, 0.0, 1.0, 0.0, -1.0, 0.0, 1.0, 1.0, 0.0, -1.0, -1.0], [1.0, 0.0, 0.0, 0.0, 0.0, 0.0, 0.0, -1.0, -1.0, 0.0, 0.0, -1.0, -1.0, 1.0, 0.0, 0.0], [0.0, 0.0, 0.0, -1.0, -1.0, -1.0, -1.0, -1.0, -1.0, -1.0, -1.0, 0.0, 0.0, 0.0, -1.0, 1.0], [1.0, 1.0, 0.0, 1.0, 1.0, 0.0, -1.0, -1.0, 0.0, 1.0, 1.0, 0.0, 1.0, -1.0, 1.0, 0.0], [-1.0, -1.0, 0.0, 0.0, 1.0, 1.0, 0.0, -1.0, -1.0, 0.0, -1.0, -1.0, -1.0, -1.0, 1.0, -1.0], [-1.0, 1.0, 0.0, -1.0, 0.0, -1.0, 1.0, 0.0, 0.0, 0.0, -1.0, -1.0, 0.0, 0.0, -1.0, 1.0], [-1.0, -1.0, 0.0, 0.0, -1.0, -1.0, 0.0, 1.0, 1.0, -1.0, 0.0, 0.0, 0.0, 0.0, -1.0, -1.0], [-1.0, 1.0, -1.0, -1.0, -1.0, -1.0, -1.0, -1.0, -1.0, 0.0, 0.0, 1.0, 1.0, -1.0, -1.0, 0.0], [1.0, 0.0, 1.0, 0.0, 1.0, -1.0, 0.0, -1.0, -1.0, 1.0, 0.0, -1.0, -1.0, 1.0, -1.0, 1.0], [-1.0, 1.0, -1.0, 0.0, -1.0, 0.0, -1.0, 0.0, 1.0, -1.0, 0.0, 0.0, 1.0, -1.0, 0.0, 1.0], [1.0, -1.0, -1.0, 0.0, 1.0, 1.0, 1.0, 0.0, 0.0, 1.0, 1.0, 1.0, 0.0, 1.0, -1.0, -1.0], [0.0, 1.0, 1.0, 0.0, 0.0, -0.0, 1.0, 0.0, -1.0, 0.0, 0.0, 1.0, -0.0, 0.0, 1.0, 1.0], [0.0, -1.0, 0.0, 1.0, 0.0, 1.0, 0.0, 1.0, 1.0, 0.0, 0.0, -1.0, -1.0, 1.0, 1.0, -1.0], [0.0, 1.0, 1.0, -1.0, -1.0, 1.0, 0.0, 0.0, -1.0, -1.0, -1.0, 1.0, -1.0, -1.0, 1.0, 1.0], [-1.0, -1.0, 0.0, -1.0, 0.0, 1.0, -1.0, 1.0, 0.0, 0.0, 0.0, 1.0, 1.0, -1.0, 1.0, 0.0], [1.0, -1.0, 1.0, 1.0, 1.0, 1.0, 1.0, 1.0, 1.0, 1.0, 1.0, -1.0, -1.0, 1.0, -1.0, 0.0], [0.0, 0.0, 0.0, 1.0, 0.0, -1.0, 0.0, 0.0, 1.0, -1.0, 0.0, -1.0, 0.0, 1.0, -1.0, 1.0], [-1.0, -1.0, -1.0, 0.0, 0.0, 1.0, 1.0, -1.0, 0.0, 1.0, 1.0, 1.0, -1.0, 0.0, 1.0, -1.0], [0.0, 0.0, 1.0, -1.0, 0.0, -1.0, 0.0, 0.0, -0.0, 0.0, -1.0, -1.0, 0.0, -1.0, 0.0, -0.0], [1.0, 0.0, -1.0, 1.0, 1.0, 1.0, 0.0, 0.0, 1.0, 1.0, 1.0, 0.0, 0.0, 0.0, 1.0, -1.0], [0.0, -1.0, 0.0, 1.0, 1.0, 1.0, 0.0, 0.0, -1.0, 0.0, 0.0, -1.0, 0.0, 1.0, -1.0, -1.0], [1.0, -1.0, 0.0, -1.0, 1.0, -1.0, -1.0, -1.0, 0.0, -1.0, -1.0, 0.0, -1.0, 0.0, 1.0, 1.0], [-1.0, -1.0, 1.0, -1.0, -1.0, -1.0, 1.0, -1.0, -1.0, 1.0, 1.0, -1.0, 1.0, -1.0, 1.0, -1.0], [1.0, -1.0, 0.0, 1.0, 1.0, -0.0, 1.0, 1.0, -1.0, -1.0, 0.0, 1.0, -1.0, 1.0, -1.0, 1.0], [-1.0, 0.0, 0.0, -1.0, -1.0, 0.0, -1.0, 1.0, -1.0, -1.0, 1.0, 0.0, 0.0, -1.0, 1.0, 1.0], [-1.0, 0.0, 0.0, 1.0, -1.0, 1.0, -1.0, 0.0, 1.0, -1.0, -1.0, 1.0, 1.0, 1.0, -1.0, 1.0], [-1.0, 1.0, -1.0, -1.0, 1.0, 0.0, 0.0, 1.0, -1.0, -0.0, 0.0, 0.0, 1.0, -1.0, -1.0, -1.0], [0.0, 0.0, 0.0, 1.0, -1.0, -0.0, 1.0, 1.0, 1.0, 1.0, -0.0, 1.0, 0.0, 1.0, -1.0, -1.0], [1.0, 1.0, 1.0, 1.0, 1.0, -0.0, 1.0, 0.0, 0.0, 1.0, -1.0, 1.0, 0.0, 0.0, 1.0, 0.0], [0.0, 1.0, 0.0, -1.0, -1.0, 1.0, 0.0, -1.0, 1.0, 1.0, 1.0, 0.0, 1.0, -1.0, 1.0, 1.0], [1.0, 1.0, -1.0, 0.0, 0.0, -1.0, -1.0, -1.0, 1.0, 0.0, 1.0, -1.0, -1.0, 0.0, 0.0, -1.0], [-1.0, 0.0, 0.0, -1.0, -1.0, 0.0, 0.0, -1.0, -1.0, 0.0, -1.0, -1.0, 1.0, -1.0, 1.0, 0.0], [0.0, 1.0, -1.0, 1.0, 0.0, 1.0, 1.0, 0.0, -1.0, 1.0, 0.0, -1.0, 1.0, -1.0, 1.0, 1.0], [-1.0, -1.0, -1.0, -1.0, -1.0, -1.0, -1.0, -1.0, -1.0, -1.0, -1.0, -1.0, -1.0, -1.0, -1.0, -1.0], [-1.0, -1.0, 1.0, -1.0, -1.0, 1.0, -1.0, -1.0, 1.0, -1.0, -1.0, -1.0, 1.0, -1.0, -1.0, -1.0], [-1.0, 1.0, 1.0, -1.0, -1.0, 1.0, -1.0, 1.0, 1.0, -1.0, -1.0, 0.0, -1.0, -1.0, 0.0, 1.0], [0.0, 1.0, -1.0, -1.0, 1.0, 1.0, 1.0, -1.0, -1.0, 1.0, 0.0, -1.0, 1.0, 1.0, 1.0, 1.0], [0.0, 0.0, 0.0, 0.0, 0.0, 0.0, 0.0, 0.0, 0.0, 0.0, 0.0, 0.0, 0.0, 0.0, 0.0, 0.0], [0.0, 0.0, 0.0, 0.0, 0.0, 0.0, 0.0, 0.0, 0.0, 0.0, 0.0, 0.0, 0.0, 0.0, 0.0, 0.0], [0.0, 0.0, 0.0, 0.0, 0.0, 0.0, 0.0, 0.0, 0.0, 0.0, 0.0, 0.0, 0.0, 0.0, 0.0, 0.0], [0.0, 0.0, 0.0, 0.0, 0.0, 0.0, 0.0, 0.0, 0.0, 0.0, 0.0, 0.0, 0.0, 0.0, 0.0, 0.0], [0.0, 0.0, 0.0, 0.0, 0.0, 0.0, 0.0, 0.0, 0.0, 0.0, 0.0, 0.0, 0.0, 0.0, 0.0, 0.0], [0.0, 0.0, 0.0, 0.0, 0.0, 0.0, 0.0, 0.0, 0.0, 0.0, 0.0, 0.0, 0.0, 0.0, 0.0, 0.0], [0.0, 0.0, 0.0, 0.0, 0.0, 0.0, 0.0, 0.0, 0.0, 0.0, 0.0, 0.0, 0.0, 0.0, 0.0, 0.0], [0.0, 0.0, 0.0, 0.0, 0.0, 0.0, 0.0, 0.0, 0.0, 0.0, 0.0, 0.0, 0.0, 0.0, 0.0, 0.0], [0.0, 0.0, 0.0, 0.0, 0.0, 0.0, 0.0, 0.0, 0.0, 0.0, 0.0, 0.0, 0.0, 0.0, 0.0, 0.0], [0.0, 0.0, 0.0, 0.0, 0.0, 0.0, 0.0, 0.0, 0.0, 0.0, 0.0, 0.0, 0.0, 0.0, 0.0, 0.0]], [[-1.0, 1.0, -1.0, 1.0, 0.0, 1.0, -1.0, -1.0, -1.0, 1.0, -1.0, -1.0, -1.0, 1.0, -1.0, -1.0], [-1.0, 1.0, 1.0, 1.0, 1.0, -1.0, -1.0, 1.0, -1.0, -1.0, 1.0, -1.0, 1.0, 1.0, -1.0, 0.0], [1.0, -1.0, 1.0, -1.0, 1.0, -1.0, -1.0, 1.0, -1.0, 1.0, 1.0, -1.0, 1.0, 1.0, -1.0, -1.0], [1.0, -1.0, -1.0, -1.0, -1.0, -1.0, 1.0, -1.0, -1.0, -1.0, 1.0, 1.0, 0.0, 1.0, -1.0, 1.0], [-1.0, -1.0, 1.0, 1.0, -1.0, -1.0, 1.0, -1.0, 1.0, -1.0, 1.0, -1.0, -1.0, -1.0, -1.0, 1.0], [1.0, -1.0, 1.0, 1.0, -1.0, 1.0, -1.0, 1.0, -1.0, -1.0, -1.0, 1.0, -1.0, -1.0, -1.0, 1.0], [1.0, 1.0, 1.0, -1.0, 1.0, -1.0, -1.0, 1.0, 1.0, 1.0, 1.0, 1.0, 1.0, -1.0, -1.0, -1.0], [-1.0, -1.0, 1.0, 1.0, -1.0, -1.0, -1.0, 1.0, 1.0, 1.0, 1.0, -1.0, -1.0, -1.0, -1.0, -1.0], [-1.0, 1.0, -1.0, 1.0, -1.0, 1.0, 1.0, 0.0, 1.0, 1.0, 1.0, 1.0, -1.0, -1.0, -1.0, 1.0], [1.0, -1.0, -1.0, -1.0, -1.0, -1.0, -1.0, 1.0, 1.0, -1.0, -1.0, 1.0, -1.0, -1.0, -1.0, 1.0], [1.0, -1.0, -1.0, -1.0, 1.0, 1.0, 1.0, -1.0, 0.0, 1.0, -1.0, 1.0, -1.0, 1.0, -1.0, 1.0], [1.0, 1.0, -1.0, 1.0, 1.0, 1.0, 1.0, -1.0, 1.0, -1.0, -1.0, 1.0, 1.0, 1.0, -1.0, -1.0], [1.0, 1.0, 1.0, -1.0, -1.0, 0.0, 1.0, 1.0, 1.0, -1.0, -1.0, -1.0, 1.0, -1.0, -1.0, 1.0], [-1.0, 1.0, -1.0, -1.0, -1.0, -1.0, 1.0, -1.0, -1.0, 1.0, -1.0, -1.0, 1.0, 1.0, -1.0, -1.0], [-1.0, -1.0, 1.0, 0.0, 1.0, 1.0, -1.0, -1.0, -1.0, 1.0, -1.0, -1.0, 1.0, -1.0, -1.0, -1.0], [-1.0, 0.0, -1.0, -1.0, 1.0, 1.0, 1.0, -1.0, -1.0, -1.0, 1.0, 1.0, -1.0, 1.0, -1.0, -1.0]], [[-1.0, -1.0, 0.0], [-1.0, 0.0, 1.0], [-1.0, 1.0, 1.0], [-1.0, 0.0, 1.0], [-1.0, 1.0, 1.0], [0.0, 1.0, -1.0], [0.0, 1.0, -1.0], [-1.0, -1.0, -1.0], [1.0, -1.0, -1.0], [1.0, -1.0, -1.0], [1.0, 0.0, 1.0], [1.0, 1.0, 1.0], [1.0, -1.0, 1.0], [0.0, 1.0, 1.0], [1.0, 1.0, 1.0], [1.0, -1.0, -1.0]]]
biases=[[1.0, 1.0, 1.0, 1.0, 1.0, 0.0, -1.0, -1.0, 0.0, 0.0, 1.0, 0.0, -1.0, 0.0, -1.0, 1.0], [0.0, -1.0, 0.0, -1.0, -1.0, -1.0, 0.0, -1.0, -1.0, 0.0, 0.0, 0.0, -1.0, 0.0, 1.0, -1.0], [-1.0, -1.0, 1.0]]
