solver=hw_m
n_hidden_layers=2
examples_per_class=2
examples_skip=0
time_out=5
cp_total_time=0.002313820521036784
cp_is_sat=True
cp_num_branches=975
cp_num_vars=979
mip_is_sat=True
mip_objective=3099867.9770030044
mip_bound=3100139.018130907
mip_gap=8.743634564866275e-05
mip_is_optimal=True
mip_num_nodes=1033.0
mip_num_vars=1939
cp_weights=[[[-1.0, 0.0, -1.0, -1.0, 1.0, 0.0, -1.0, 1.0, -1.0, -1.0, 1.0, 1.0, 0.0, 0.0, 0.0, 0.0], [-1.0, 1.0, 0.0, -1.0, -1.0, 1.0, 1.0, 1.0, 0.0, -1.0, -1.0, 1.0, -1.0, 1.0, 0.0, 1.0], [-1.0, -1.0, 0.0, -1.0, -1.0, 0.0, -1.0, 1.0, -1.0, -1.0, 0.0, -1.0, 0.0, 0.0, 1.0, 1.0], [-1.0, 1.0, -1.0, 0.0, 1.0, 1.0, 0.0, -1.0, -1.0, -1.0, 1.0, -1.0, 1.0, 0.0, 1.0, 0.0], [1.0, 1.0, -1.0, 1.0, 1.0, -1.0, 1.0, 0.0, 1.0, 1.0, 0.0, 1.0, 0.0, 0.0, 0.0, -1.0], [1.0, 1.0, -1.0, -1.0, 0.0, 0.0, 0.0, 0.0, 1.0, -1.0, -1.0, 0.0, 0.0, 0.0, 1.0, -1.0], [-1.0, -1.0, 0.0, 1.0, -1.0, 1.0, 1.0, 1.0, -1.0, 1.0, 1.0, 1.0, 0.0, 1.0, 0.0, 1.0], [0.0, 1.0, 1.0, 0.0, -1.0, -1.0, -1.0, -1.0, 1.0, 1.0, 1.0, 1.0, 0.0, -1.0, -1.0, -1.0], [0.0, -1.0, 1.0, 0.0, 1.0, 1.0, 1.0, -1.0, -1.0, 1.0, 0.0, 0.0, 1.0, 0.0, 1.0, 1.0], [1.0, 1.0, 0.0, 1.0, 0.0, -1.0, -1.0, 1.0, 0.0, 1.0, -1.0, 1.0, -1.0, -1.0, 1.0, 0.0], [0.0, -1.0, 0.0, -1.0, -1.0, -1.0, 1.0, 0.0, 1.0, -1.0, 1.0, -1.0, -1.0, 1.0, 0.0, 1.0], [0.0, -1.0, 0.0, 1.0, -1.0, 0.0, -1.0, 0.0, -1.0, -1.0, -1.0, 1.0, 1.0, 0.0, 0.0, 0.0], [1.0, 1.0, 0.0, 1.0, 1.0, -1.0, -1.0, 0.0, 1.0, 1.0, -1.0, -1.0, -1.0, 1.0, 0.0, -1.0], [1.0, -1.0, 0.0, 1.0, 1.0, 1.0, 1.0, 0.0, 1.0, 0.0, 1.0, -1.0, -1.0, -1.0, 1.0, 0.0], [-1.0, 1.0, 1.0, -1.0, 1.0, 1.0, 0.0, 0.0, 1.0, 0.0, 0.0, 0.0, -1.0, -1.0, -1.0, 1.0], [0.0, 1.0, 0.0, 1.0, 0.0, 0.0, -1.0, -1.0, -1.0, -1.0, 0.0, -1.0, -1.0, -1.0, 0.0, -1.0], [0.0, -1.0, 1.0, 0.0, 0.0, -1.0, 1.0, -1.0, 1.0, -1.0, 0.0, 0.0, -1.0, 1.0, 1.0, -1.0], [-1.0, 0.0, 1.0, -1.0, 0.0, 1.0, 1.0, 0.0, 0.0, -1.0, 1.0, 0.0, -1.0, -1.0, 1.0, 1.0], [1.0, 0.0, -1.0, 1.0, -1.0, -1.0, -1.0, -1.0, -1.0, 0.0, 1.0, 1.0, -1.0, -1.0, 0.0, 0.0], [0.0, 1.0, -1.0, 0.0, -1.0, -1.0, -1.0, 1.0, 0.0, -1.0, -1.0, 1.0, 1.0, -1.0, 1.0, 1.0], [1.0, 0.0, -1.0, 0.0, -1.0, 0.0, 0.0, -1.0, 1.0, 0.0, 0.0, 1.0, 1.0, 0.0, 1.0, -1.0], [0.0, 0.0, -1.0, 1.0, 1.0, 1.0, 0.0, -1.0, 1.0, 1.0, 1.0, 1.0, 0.0, -1.0, 1.0, 0.0], [0.0, 0.0, -1.0, 0.0, -1.0, 1.0, 1.0, 1.0, 1.0, 0.0, 1.0, 0.0, 0.0, -1.0, 1.0, -1.0], [-1.0, 1.0, -1.0, -1.0, 1.0, 0.0, -1.0, -1.0, 1.0, -1.0, 1.0, 1.0, -1.0, 0.0, -1.0, 0.0], [0.0, -1.0, 0.0, -1.0, 0.0, -1.0, 0.0, -1.0, -1.0, -1.0, 1.0, -1.0, 1.0, -1.0, -1.0, 1.0], [1.0, 0.0, 1.0, -1.0, -1.0, 1.0, 1.0, 0.0, 0.0, -1.0, 0.0, 1.0, -1.0, 1.0, 1.0, 1.0], [1.0, 0.0, -1.0, 0.0, 1.0, 1.0, 0.0, 1.0, 0.0, -1.0, 1.0, 0.0, 1.0, 1.0, -1.0, -1.0], [0.0, -1.0, 1.0, -1.0, -1.0, 1.0, 1.0, 1.0, 0.0, -1.0, 0.0, -1.0, 0.0, -1.0, 0.0, 0.0], [-1.0, 1.0, 0.0, -1.0, 1.0, 0.0, 0.0, 0.0, 0.0, 0.0, 1.0, 1.0, -1.0, 1.0, -1.0, 0.0], [1.0, 0.0, 0.0, -1.0, 0.0, -1.0, 0.0, 1.0, -1.0, -1.0, 0.0, 1.0, 0.0, 0.0, 0.0, 1.0], [-1.0, -1.0, 1.0, -1.0, 0.0, -1.0, -1.0, 1.0, -1.0, 0.0, 0.0, 1.0, -1.0, -1.0, 0.0, 1.0], [-1.0, -1.0, 0.0, 1.0, -1.0, 0.0, 1.0, 1.0, 1.0, -1.0, 0.0, -1.0, 1.0, 1.0, 1.0, 0.0], [1.0, 0.0, 0.0, -1.0, 0.0, -1.0, 1.0, 0.0, 0.0, 0.0, 1.0, 0.0, 0.0, -1.0, -1.0, -1.0], [1.0, 0.0, -1.0, -1.0, -1.0, 0.0, -1.0, 0.0, 0.0, 0.0, -1.0, 0.0, 1.0, -1.0, 0.0, -1.0], [-1.0, 1.0, 0.0, 1.0, 0.0, 0.0, 1.0, -1.0, 0.0, -1.0, 1.0, -1.0, 0.0, 1.0, -1.0, 0.0], [0.0, 1.0, 0.0, -1.0, 1.0, -1.0, -1.0, 1.0, 0.0, 1.0, 0.0, 1.0, 1.0, -1.0, -1.0, 1.0], [1.0, 1.0, 1.0, 1.0, 1.0, -1.0, 1.0, 1.0, 0.0, 1.0, 1.0, 0.0, 0.0, 0.0, 1.0, 0.0], [1.0, 1.0, 1.0, 1.0, 1.0, 0.0, 1.0, 0.0, 1.0, 1.0, 0.0, -1.0, 1.0, 0.0, 0.0, -1.0], [0.0, -1.0, -1.0, -1.0, -1.0, -1.0, -1.0, -1.0, -1.0, 0.0, 1.0, 1.0, 0.0, -1.0, -1.0, -1.0], [0.0, -1.0, 1.0, 1.0, 1.0, 1.0, 0.0, -1.0, 1.0, -1.0, 0.0, -1.0, 1.0, 1.0, 0.0, -1.0], [0.0, 0.0, 0.0, 0.0, 0.0, 0.0, 0.0, 0.0, 0.0, 0.0, 0.0, 0.0, 0.0, 0.0, 0.0, 0.0], [0.0, 0.0, 0.0, 0.0, 0.0, 0.0, 0.0, 0.0, 0.0, 0.0, 0.0, 0.0, 0.0, 0.0, 0.0, 0.0], [0.0, 0.0, 0.0, 0.0, 0.0, 0.0, 0.0, 0.0, 0.0, 0.0, 0.0, 0.0, 0.0, 0.0, 0.0, 0.0], [0.0, 0.0, 0.0, 0.0, 0.0, 0.0, 0.0, 0.0, 0.0, 0.0, 0.0, 0.0, 0.0, 0.0, 0.0, 0.0], [0.0, 0.0, 0.0, 0.0, 0.0, 0.0, 0.0, 0.0, 0.0, 0.0, 0.0, 0.0, 0.0, 0.0, 0.0, 0.0], [0.0, 0.0, 0.0, 0.0, 0.0, 0.0, 0.0, 0.0, 0.0, 0.0, 0.0, 0.0, 0.0, 0.0, 0.0, 0.0], [0.0, 0.0, 0.0, 0.0, 0.0, 0.0, 0.0, 0.0, 0.0, 0.0, 0.0, 0.0, 0.0, 0.0, 0.0, 0.0], [0.0, 0.0, 0.0, 0.0, 0.0, 0.0, 0.0, 0.0, 0.0, 0.0, 0.0, 0.0, 0.0, 0.0, 0.0, 0.0], [0.0, 0.0, 0.0, 0.0, 0.0, 0.0, 0.0, 0.0, 0.0, 0.0, 0.0, 0.0, 0.0, 0.0, 0.0, 0.0], [0.0, 0.0, 0.0, 0.0, 0.0, 0.0, 0.0, 0.0, 0.0, 0.0, 0.0, 0.0, 0.0, 0.0, 0.0, 0.0]], [[1.0, 1.0, 0.0, -1.0, 1.0, 1.0, -1.0, 1.0, 0.0, 1.0, 1.0, 0.0, 0.0, 1.0, 0.0, 1.0], [-1.0, 0.0, 0.0, 1.0, 1.0, 1.0, 0.0, 0.0, 1.0, 1.0, 1.0, 0.0, -1.0, 0.0, -1.0, 1.0], [1.0, 1.0, 0.0, 0.0, -1.0, 1.0, -1.0, 1.0, -1.0, -1.0, 0.0, 1.0, 0.0, 1.0, -1.0, -1.0], [1.0, 1.0, 1.0, 1.0, 0.0, 0.0, 1.0, 0.0, 0.0, 1.0, 1.0, 0.0, 0.0, 0.0, 1.0, -1.0], [1.0, -1.0, 1.0, 0.0, 1.0, 1.0, 1.0, -1.0, 0.0, 1.0, -1.0, 1.0, 0.0, 1.0, -1.0, 0.0], [0.0, -1.0, -1.0, 1.0, 1.0, 1.0, -1.0, 0.0, 0.0, -1.0, 0.0, -1.0, 1.0, -1.0, 1.0, -1.0], [0.0, 1.0, -1.0, 1.0, 0.0, 0.0, 1.0, 0.0, 0.0, -1.0, -1.0, 1.0, 1.0, -1.0, 0.0, 0.0], [0.0, 1.0, -1.0, 1.0, -1.0, -1.0, -1.0, -1.0, 1.0, 1.0, 0.0, 1.0, -1.0, 1.0, 0.0, -1.0], [1.0, -1.0, -1.0, 1.0, 0.0, -1.0, 1.0, 0.0, -1.0, -1.0, 1.0, 1.0, 0.0, 0.0, -1.0, 0.0], [1.0, 1.0, -1.0, 1.0, 0.0, 1.0, 0.0, -1.0, -1.0, 1.0, -1.0, -1.0, 0.0, -1.0, 1.0, 1.0], [0.0, -1.0, 0.0, 1.0, 0.0, -1.0, 1.0, 1.0, 1.0, 0.0, 0.0, 0.0, -1.0, 1.0, 1.0, 1.0], [-1.0, -1.0, 0.0, 0.0, 0.0, 1.0, -1.0, 0.0, 1.0, 0.0, -1.0, 1.0, 0.0, 0.0, -1.0, 1.0], [1.0, 1.0, -1.0, 1.0, 1.0, -1.0, 1.0, -1.0, 1.0, -1.0, 0.0, 1.0, 1.0, 0.0, 1.0, 1.0], [0.0, -1.0, -1.0, 0.0, -1.0, -1.0, 0.0, 1.0, 1.0, 0.0, 1.0, -1.0, 0.0, 0.0, 0.0, 1.0], [0.0, -1.0, 1.0, -1.0, -1.0, -1.0, 0.0, -1.0, 1.0, 1.0, 1.0, -1.0, -1.0, -1.0, -1.0, 0.0], [-1.0, 1.0, -1.0, 1.0, 1.0, -1.0, 1.0, -1.0, 1.0, 1.0, -1.0, 0.0, -1.0, -1.0, 1.0, 0.0]], [[1.0, -1.0, 1.0], [-1.0, -1.0, -1.0], [-1.0, 0.0, -1.0], [0.0, 1.0, -1.0], [-1.0, 0.0, 0.0], [-1.0, -1.0, 0.0], [0.0, 1.0, 1.0], [1.0, 0.0, -1.0], [-1.0, -1.0, 1.0], [-1.0, -1.0, -1.0], [0.0, 0.0, -1.0], [-1.0, 0.0, -1.0], [-1.0, 1.0, 0.0], [0.0, 0.0, -1.0], [-1.0, -1.0, -1.0], [0.0, -1.0, 1.0]]]
cp_biases=[[1.0, 0.0, 0.0, 0.0, 0.0, 1.0, 0.0, 1.0, 1.0, 0.0, 1.0, -1.0, 1.0, 0.0, 1.0, -1.0], [1.0, 1.0, 0.0, 0.0, -1.0, 1.0, -1.0, 0.0, 1.0, 1.0, -1.0, 0.0, -1.0, 0.0, -1.0, 1.0], [-1.0, 0.0, 0.0]]
total_time=0.4626470367113749
is_sat=True
train_performance=0.33333334
test_performance=0.396
weights=[[[0.0, -1.0, 0.0, 0.0, 1.0, 0.0, 1.0, 0.0, 0.0, 0.0, 0.0, -1.0, 0.0, 1.0, 0.0, 0.0], [-1.0, -1.0, -1.0, -1.0, -1.0, -1.0, -1.0, -1.0, -1.0, -1.0, -1.0, -1.0, -1.0, -1.0, 1.0, -1.0], [1.0, 1.0, -1.0, -1.0, 0.0, 1.0, 1.0, 1.0, -1.0, -1.0, 1.0, 0.0, -1.0, -1.0, 1.0, -1.0], [-1.0, 1.0, 1.0, 1.0, 1.0, 1.0, 1.0, -1.0, 1.0, -1.0, 1.0, 1.0, 1.0, 1.0, -1.0, 1.0], [1.0, 1.0, 0.0, 0.0, -1.0, 1.0, -1.0, 1.0, 0.0, 1.0, 1.0, 1.0, 0.0, -1.0, 1.0, 0.0], [-1.0, -1.0, 1.0, 1.0, 0.0, -1.0, -1.0, -1.0, 1.0, 1.0, -1.0, 0.0, 1.0, 1.0, -1.0, 1.0], [1.0, -1.0, -1.0, -1.0, 0.0, -1.0, -1.0, -1.0, -1.0, 1.0, -1.0, 0.0, -1.0, 1.0, -1.0, 0.0], [1.0, -1.0, 1.0, 1.0, 1.0, 1.0, 1.0, 1.0, 1.0, 1.0, 1.0, -1.0, 0.0, 1.0, 1.0, 1.0], [1.0, -1.0, 1.0, 1.0, 1.0, 0.0, 1.0, 1.0, 1.0, 0.0, 1.0, 1.0, 1.0, 1.0, -1.0, 0.0], [-1.0, -1.0, -1.0, -1.0, -1.0, -1.0, 1.0, 1.0, -1.0, 1.0, -1.0, -1.0, 0.0, -1.0, -1.0, -1.0], [1.0, -1.0, -1.0, -1.0, -1.0, -1.0, 1.0, -1.0, 0.0, 0.0, 1.0, 0.0, -1.0, -1.0, -1.0, -1.0], [0.0, 1.0, 1.0, 1.0, 1.0, 1.0, -1.0, 0.0, 1.0, 1.0, 1.0, 1.0, 1.0, 1.0, 1.0, 1.0], [1.0, 1.0, -1.0, -1.0, -1.0, -1.0, 0.0, -1.0, -1.0, -1.0, -1.0, -1.0, -1.0, -1.0, 1.0, -1.0], [-1.0, 0.0, -1.0, -1.0, -1.0, -1.0, -1.0, -1.0, -1.0, 1.0, -1.0, -1.0, -1.0, -1.0, -1.0, -1.0], [-1.0, -1.0, -1.0, -1.0, -1.0, -1.0, 0.0, -1.0, -1.0, -1.0, -1.0, -1.0, -1.0, -1.0, 0.0, -1.0], [1.0, 1.0, 1.0, 1.0, 1.0, 1.0, 1.0, 1.0, 1.0, -1.0, 1.0, 1.0, 1.0, 1.0, 1.0, 1.0], [1.0, 1.0, -1.0, -1.0, -1.0, -1.0, -1.0, 1.0, -1.0, 1.0, 1.0, 1.0, -1.0, 1.0, 1.0, -1.0], [-1.0, 1.0, 1.0, 1.0, 1.0, 1.0, 0.0, 1.0, 1.0, -1.0, 0.0, 1.0, 1.0, 0.0, -1.0, 1.0], [1.0, 0.0, -1.0, -1.0, 0.0, 0.0, 0.0, -1.0, -1.0, 1.0, -1.0, 0.0, -1.0, 1.0, -1.0, -1.0], [0.0, -1.0, 0.0, 0.0, 0.0, -1.0, -1.0, 0.0, 0.0, 1.0, -1.0, -1.0, 1.0, 1.0, -1.0, 0.0], [0.0, -1.0, 1.0, 1.0, -1.0, -1.0, 0.0, 1.0, 1.0, 1.0, 0.0, 1.0, -1.0, 1.0, 1.0, 0.0], [-1.0, -1.0, 1.0, 1.0, 1.0, 0.0, 0.0, 1.0, 0.0, 1.0, -1.0, 1.0, 1.0, 1.0, -1.0, 1.0], [0.0, 0.0, -1.0, -1.0, -1.0, 1.0, -1.0, -1.0, -1.0, -1.0, 1.0, -1.0, 0.0, -1.0, 1.0, -1.0], [0.0, 1.0, 1.0, -1.0, 1.0, 0.0, 0.0, 1.0, 1.0, -1.0, 1.0, 0.0, -1.0, 1.0, 1.0, -1.0], [-1.0, 1.0, 1.0, 1.0, 1.0, 1.0, 1.0, 1.0, 1.0, 0.0, 1.0, 1.0, -1.0, 1.0, 1.0, 1.0], [1.0, -1.0, 1.0, 0.0, 1.0, -1.0, 1.0, -1.0, -1.0, 0.0, -1.0, -1.0, 0.0, -1.0, -1.0, -1.0], [1.0, -1.0, -1.0, -1.0, -1.0, -1.0, 0.0, -1.0, -1.0, 1.0, 1.0, -1.0, -1.0, 1.0, 1.0, 1.0], [-1.0, -1.0, 1.0, -1.0, -1.0, -1.0, 1.0, -1.0, -1.0, -1.0, -1.0, 0.0, 1.0, -1.0, -1.0, -1.0], [-1.0, -1.0, -1.0, 1.0, -1.0, -1.0, 1.0, 1.0, 0.0, -1.0, -1.0, -1.0, 1.0, -1.0, -1.0, -1.0], [0.0, 1.0, -1.0, 0.0, 1.0, 1.0, -1.0, -1.0, 0.0, 0.0, -1.0, -1.0, -1.0, -1.0, 1.0, 1.0], [-1.0, 1.0, -1.0, -1.0, -1.0, 0.0, 1.0, 1.0, 1.0, -1.0, -1.0, 1.0, -1.0, -1.0, -1.0, 1.0], [1.0, 1.0, 1.0, 1.0, 1.0, 1.0, -1.0, 1.0, 1.0, 1.0, 1.0, 1.0, 1.0, 1.0, 1.0, 1.0], [-0.0, -1.0, -1.0, 0.0, -1.0, 1.0, -1.0, -1.0, -1.0, 1.0, 1.0, 1.0, 0.0, 0.0, -1.0, -1.0], [1.0, 1.0, -1.0, -1.0, -1.0, -1.0, -1.0, 0.0, -1.0, 0.0, -1.0, -1.0, -1.0, -1.0, 1.0, -1.0], [-1.0, -1.0, 1.0, 1.0, 0.0, 1.0, -1.0, 1.0, -1.0, 1.0, 1.0, 1.0, -1.0, 1.0, -1.0, 0.0], [1.0, 0.0, 1.0, 1.0, 1.0, 1.0, -1.0, 1.0, 0.0, 0.0, 1.0, -1.0, 0.0, 1.0, 1.0, 1.0], [1.0, 1.0, 1.0, 1.0, 0.0, 1.0, -1.0, 1.0, 1.0, -1.0, 1.0, 0.0, 0.0, 1.0, 1.0, 1.0], [1.0, 1.0, -1.0, 1.0, -1.0, -1.0, 1.0, 1.0, 0.0, 1.0, -1.0, 1.0, 1.0, 1.0, -1.0, 1.0], [1.0, -1.0, 1.0, 1.0, 1.0, 1.0, 0.0, -1.0, 1.0, 1.0, 1.0, 1.0, 1.0, 1.0, -1.0, 1.0], [1.0, 1.0, -1.0, 1.0, 1.0, 1.0, 1.0, -1.0, 1.0, 1.0, 1.0, 1.0, 1.0, -1.0, 1.0, 0.0], [0.0, 0.0, 0.0, 0.0, 0.0, 0.0, 0.0, 0.0, 0.0, 0.0, 0.0, 0.0, 0.0, 0.0, 0.0, 0.0], [0.0, 0.0, 0.0, 0.0, 0.0, 0.0, 0.0, 0.0, 0.0, 0.0, 0.0, 0.0, 0.0, 0.0, 0.0, 0.0], [0.0, 0.0, 0.0, 0.0, 0.0, 0.0, 0.0, 0.0, 0.0, 0.0, 0.0, 0.0, 0.0, 0.0, 0.0, 0.0], [0.0, 0.0, 0.0, 0.0, 0.0, 0.0, 0.0, 0.0, 0.0, 0.0, 0.0, 0.0, 0.0, 0.0, 0.0, 0.0], [0.0, 0.0, 0.0, 0.0, 0.0, 0.0, 0.0, 0.0, 0.0, 0.0, 0.0, 0.0, 0.0, 0.0, 0.0, 0.0], [0.0, 0.0, 0.0, 0.0, 0.0, 0.0, 0.0, 0.0, 0.0, 0.0, 0.0, 0.0, 0.0, 0.0, 0.0, 0.0], [0.0, 0.0, 0.0, 0.0, 0.0, 0.0, 0.0, 0.0, 0.0, 0.0, 0.0, 0.0, 0.0, 0.0, 0.0, 0.0], [0.0, 0.0, 0.0, 0.0, 0.0, 0.0, 0.0, 0.0, 0.0, 0.0, 0.0, 0.0, 0.0, 0.0, 0.0, 0.0], [0.0, 0.0, 0.0, 0.0, 0.0, 0.0, 0.0, 0.0, 0.0, 0.0, 0.0, 0.0, 0.0, 0.0, 0.0, 0.0], [0.0, 0.0, 0.0, 0.0, 0.0, 0.0, 0.0, 0.0, 0.0, 0.0, 0.0, 0.0, 0.0, 0.0, 0.0, 0.0]], [[1.0, 0.0, -1.0, 1.0, 1.0, -1.0, 1.0, -1.0, -1.0, -1.0, 1.0, -1.0, -1.0, 1.0, 1.0, -1.0], [0.0, 1.0, -1.0, 1.0, -1.0, -1.0, -1.0, 1.0, -1.0, -1.0, 1.0, -1.0, -1.0, -1.0, -1.0, 1.0], [1.0, 1.0, -1.0, 1.0, 1.0, -1.0, 0.0, 1.0, -1.0, -1.0, 1.0, 1.0, 1.0, -1.0, 1.0, -1.0], [-1.0, -1.0, -1.0, 1.0, -1.0, -1.0, 1.0, 1.0, 1.0, 1.0, -1.0, 1.0, -1.0, 1.0, -1.0, -1.0], [-1.0, -1.0, 1.0, 1.0, -1.0, -1.0, -1.0, -1.0, 1.0, 1.0, 1.0, 1.0, 1.0, -1.0, -1.0, -1.0], [1.0, 1.0, 1.0, 0.0, -1.0, -1.0, 1.0, -1.0, 1.0, 1.0, -1.0, 1.0, -1.0, -1.0, -1.0, -1.0], [-1.0, -1.0, 1.0, -1.0, -1.0, -1.0, 1.0, -1.0, 1.0, -1.0, -1.0, 1.0, 1.0, 1.0, 1.0, 1.0], [1.0, -1.0, -1.0, -1.0, 1.0, -1.0, -1.0, 1.0, 1.0, 0.0, 1.0, 1.0, -1.0, 1.0, 0.0, 1.0], [-1.0, -1.0, 1.0, -1.0, -1.0, -1.0, 1.0, 1.0, 1.0, -1.0, -1.0, 1.0, 1.0, 1.0, -1.0, -1.0], [-1.0, -1.0, 0.0, -1.0, 0.0, -1.0, -1.0, 0.0, -1.0, 1.0, 1.0, 0.0, 1.0, -1.0, -1.0, -1.0], [1.0, -1.0, 1.0, -1.0, 1.0, -1.0, -1.0, 1.0, -1.0, 1.0, 1.0, -1.0, -1.0, 1.0, 1.0, 1.0], [1.0, 1.0, 1.0, 1.0, 1.0, -1.0, 1.0, -1.0, 1.0, -1.0, 1.0, -1.0, 1.0, 1.0, 1.0, 1.0], [-1.0, 1.0, 1.0, 1.0, 1.0, -1.0, -1.0, -1.0, 0.0, 1.0, -1.0, 1.0, 1.0, -1.0, 1.0, 1.0], [1.0, 1.0, 1.0, 1.0, -1.0, -1.0, 1.0, -1.0, 1.0, -1.0, -1.0, -1.0, -1.0, -1.0, -1.0, 1.0], [1.0, 1.0, -1.0, -1.0, 1.0, -1.0, -1.0, 1.0, -1.0, 1.0, -1.0, -1.0, 1.0, -1.0, 1.0, 1.0], [-1.0, 1.0, -1.0, -1.0, 1.0, -1.0, 1.0, 1.0, -1.0, -1.0, -1.0, -1.0, -1.0, 0.0, 1.0, -1.0]], [[0.0, -1.0, 0.0], [-1.0, -1.0, -1.0], [0.0, 0.0, 0.0], [0.0, -1.0, 0.0], [-1.0, -1.0, -1.0], [1.0, 1.0, 1.0], [0.0, 1.0, 0.0], [0.0, -1.0, 0.0], [1.0, 1.0, 1.0], [-1.0, -1.0, -1.0], [-1.0, -1.0, -1.0], [1.0, 1.0, 1.0], [1.0, 1.0, 1.0], [1.0, 1.0, 1.0], [1.0, 1.0, 1.0], [-1.0, 1.0, -1.0]]]
biases=[[1.0, -1.0, 1.0, 1.0, -1.0, -1.0, 1.0, 1.0, -1.0, 1.0, -1.0, 1.0, 1.0, -1.0, -1.0, -1.0], [1.0, 1.0, 1.0, 1.0, 1.0, 1.0, 1.0, 1.0, 1.0, -1.0, 0.0, 1.0, 0.0, -1.0, 1.0, 0.0], [-1.0, -1.0, -1.0]]
