solver=mip_m
n_hidden_layers=2
examples_per_class=1
examples_skip=0
time_out=5
objective=3099926.973000006
bound=3100019.9829999986
gap=3.0003932609670348e-05
is_optimal=True
num_nodes=585.0
num_vars=1363
total_time=0.08967973788579305
is_sat=True
train_performance=0.33333334
test_performance=0.2765
weights=[[[-1.0, 0.0, -1.0, -1.0, 0.0, 1.0, -1.0, -1.0, -1.0, 1.0, 1.0, 1.0, 1.0, 1.0, -1.0, -1.0], [1.0, 1.0, 0.0, 0.0, 1.0, 1.0, 0.0, -1.0, -1.0, 1.0, -1.0, -1.0, 1.0, 1.0, -1.0, 0.0], [1.0, 1.0, 1.0, 1.0, 1.0, -1.0, 1.0, 1.0, 1.0, -1.0, 0.0, -1.0, -1.0, -1.0, 1.0, 1.0], [0.0, -1.0, -1.0, -1.0, -1.0, -1.0, -1.0, 1.0, -1.0, 1.0, 0.0, 0.0, -1.0, -1.0, -1.0, -1.0], [-1.0, 1.0, 1.0, 1.0, 1.0, 1.0, 1.0, -1.0, 1.0, -1.0, 1.0, 1.0, 1.0, 1.0, 1.0, 1.0], [0.0, -1.0, 0.0, 0.0, -1.0, 0.0, 0.0, 0.0, 0.0, 0.0, -1.0, 0.0, 0.0, 0.0, 0.0, 0.0], [1.0, 1.0, 1.0, 1.0, 1.0, 1.0, 1.0, -1.0, 1.0, -1.0, 1.0, 1.0, 1.0, 1.0, 1.0, 1.0], [1.0, 1.0, 1.0, 1.0, 1.0, 1.0, 1.0, -1.0, 1.0, 1.0, 1.0, 1.0, 1.0, 1.0, 1.0, 1.0], [1.0, -1.0, 1.0, 1.0, 1.0, 1.0, 1.0, 1.0, 1.0, -1.0, 1.0, 1.0, 1.0, 1.0, 1.0, 1.0], [1.0, 1.0, 1.0, 1.0, 1.0, 1.0, 1.0, 1.0, 1.0, -1.0, 0.0, 0.0, 1.0, 1.0, -1.0, 1.0], [0.0, 1.0, -1.0, -1.0, 0.0, -1.0, -1.0, -1.0, 0.0, 1.0, -1.0, -1.0, -1.0, -1.0, 1.0, -1.0], [-1.0, -1.0, 1.0, 1.0, 1.0, -1.0, 1.0, -1.0, 1.0, 0.0, 1.0, 1.0, 1.0, 1.0, 1.0, 1.0], [-1.0, -1.0, 0.0, 0.0, -1.0, -1.0, -1.0, 0.0, -1.0, 1.0, 1.0, 0.0, -1.0, -1.0, 1.0, 0.0], [-1.0, -1.0, -1.0, -1.0, -1.0, -1.0, -1.0, 1.0, 0.0, -1.0, -1.0, -1.0, -1.0, -1.0, -1.0, -1.0], [-1.0, -1.0, -1.0, -1.0, -1.0, -1.0, -1.0, 1.0, -1.0, 1.0, -1.0, -1.0, -1.0, -1.0, 0.0, -1.0], [1.0, 1.0, -1.0, -1.0, -1.0, -1.0, 0.0, 1.0, -1.0, -1.0, -1.0, -1.0, -1.0, -1.0, -1.0, -1.0], [1.0, 1.0, -1.0, -1.0, -1.0, -1.0, -1.0, -1.0, 1.0, 0.0, -1.0, -1.0, 0.0, 0.0, -1.0, -1.0], [-1.0, 0.0, -1.0, -1.0, -1.0, 1.0, -1.0, -1.0, -1.0, 1.0, -1.0, 0.0, -1.0, -1.0, -1.0, -1.0], [1.0, -1.0, 1.0, 0.0, 1.0, 1.0, -1.0, 0.0, -1.0, 0.0, 1.0, -1.0, -1.0, 1.0, 1.0, 0.0], [1.0, -1.0, -1.0, -1.0, 1.0, -1.0, -1.0, -1.0, -1.0, -1.0, -1.0, -1.0, 1.0, 1.0, -1.0, 1.0], [1.0, 1.0, 1.0, 1.0, -1.0, 1.0, 1.0, -1.0, 1.0, 1.0, 1.0, 0.0, 0.0, -1.0, 1.0, 1.0], [-1.0, -1.0, 1.0, -1.0, -1.0, -1.0, -1.0, -1.0, -1.0, -1.0, -1.0, -1.0, -1.0, 1.0, 1.0, -1.0], [-1.0, -1.0, -1.0, -1.0, -1.0, -1.0, -1.0, 1.0, -1.0, -1.0, -1.0, -1.0, 1.0, -1.0, -1.0, -1.0], [-1.0, -1.0, -1.0, -1.0, -1.0, -1.0, -1.0, 1.0, -1.0, -1.0, -1.0, -1.0, -1.0, -1.0, -1.0, -1.0], [-1.0, -1.0, -1.0, -1.0, -1.0, -1.0, -1.0, 1.0, -1.0, -1.0, 1.0, -1.0, 1.0, -1.0, -1.0, -1.0], [-1.0, -1.0, -1.0, 1.0, -1.0, -1.0, -1.0, 1.0, 0.0, -1.0, -1.0, -1.0, -1.0, -1.0, -1.0, -1.0], [-1.0, 1.0, -1.0, -1.0, 1.0, 1.0, 1.0, -1.0, 1.0, -1.0, -1.0, 0.0, 1.0, -1.0, -1.0, -1.0], [1.0, 1.0, 1.0, 1.0, 1.0, -1.0, 1.0, -1.0, 1.0, -1.0, 1.0, -1.0, 1.0, -1.0, 0.0, -1.0], [1.0, 1.0, 1.0, 1.0, 1.0, 1.0, 0.0, 1.0, 1.0, 1.0, 1.0, 1.0, 1.0, 1.0, 1.0, 1.0], [0.0, 1.0, 1.0, 1.0, -1.0, 1.0, 1.0, -1.0, 1.0, 1.0, 1.0, 1.0, -1.0, 1.0, 1.0, 1.0], [-1.0, 1.0, 1.0, 1.0, 0.0, 0.0, 1.0, -4.100408891211905e-12, 0.0, 0.0, 1.0, 1.0, 1.0, 0.0, 1.0, 1.0], [1.0, -1.0, 1.0, 1.0, 1.0, 1.0, 1.0, -1.0, 1.0, 1.0, 1.0, 1.0, -1.0, 1.0, 1.0, 1.0], [1.0, 1.0, -1.0, -1.0, 1.0, 1.0, 0.0, 0.0, 1.0, 1.0, 1.0, 1.0, -1.0, 1.0, 1.0, 1.0], [1.0, 1.0, 1.0, 1.0, 1.0, 1.0, 1.0, 1.0, -1.0, 1.0, -1.0, 1.0, 1.0, 1.0, -1.0, 1.0], [0.0, 0.0, 0.0, 0.0, 0.0, 0.0, 0.0, 0.0, 0.0, 0.0, 0.0, 0.0, 0.0, 0.0, 0.0, 0.0], [0.0, 0.0, 0.0, 0.0, 0.0, 0.0, 0.0, 0.0, 0.0, 0.0, 0.0, 0.0, 0.0, 0.0, 0.0, 0.0], [0.0, 0.0, 0.0, 0.0, 0.0, 0.0, 0.0, 0.0, 0.0, 0.0, 0.0, 0.0, 0.0, 0.0, 0.0, 0.0], [0.0, 0.0, 0.0, 0.0, 0.0, 0.0, 0.0, 0.0, 0.0, 0.0, 0.0, 0.0, 0.0, 0.0, 0.0, 0.0], [0.0, 0.0, 0.0, 0.0, 0.0, 0.0, 0.0, 0.0, 0.0, 0.0, 0.0, 0.0, 0.0, 0.0, 0.0, 0.0], [0.0, 0.0, 0.0, 0.0, 0.0, 0.0, 0.0, 0.0, 0.0, 0.0, 0.0, 0.0, 0.0, 0.0, 0.0, 0.0], [0.0, 0.0, 0.0, 0.0, 0.0, 0.0, 0.0, 0.0, 0.0, 0.0, 0.0, 0.0, 0.0, 0.0, 0.0, 0.0], [0.0, 0.0, 0.0, 0.0, 0.0, 0.0, 0.0, 0.0, 0.0, 0.0, 0.0, 0.0, 0.0, 0.0, 0.0, 0.0], [0.0, 0.0, 0.0, 0.0, 0.0, 0.0, 0.0, 0.0, 0.0, 0.0, 0.0, 0.0, 0.0, 0.0, 0.0, 0.0], [0.0, 0.0, 0.0, 0.0, 0.0, 0.0, 0.0, 0.0, 0.0, 0.0, 0.0, 0.0, 0.0, 0.0, 0.0, 0.0], [0.0, 0.0, 0.0, 0.0, 0.0, 0.0, 0.0, 0.0, 0.0, 0.0, 0.0, 0.0, 0.0, 0.0, 0.0, 0.0], [0.0, 0.0, 0.0, 0.0, 0.0, 0.0, 0.0, 0.0, 0.0, 0.0, 0.0, 0.0, 0.0, 0.0, 0.0, 0.0], [0.0, 0.0, 0.0, 0.0, 0.0, 0.0, 0.0, 0.0, 0.0, 0.0, 0.0, 0.0, 0.0, 0.0, 0.0, 0.0], [0.0, 0.0, 0.0, 0.0, 0.0, 0.0, 0.0, 0.0, 0.0, 0.0, 0.0, 0.0, 0.0, 0.0, 0.0, 0.0], [0.0, 0.0, 0.0, 0.0, 0.0, 0.0, 0.0, 0.0, 0.0, 0.0, 0.0, 0.0, 0.0, 0.0, 0.0, 0.0], [0.0, 0.0, 0.0, 0.0, 0.0, 0.0, 0.0, 0.0, 0.0, 0.0, 0.0, 0.0, 0.0, 0.0, 0.0, 0.0]], [[0.0, 1.0, 1.0, 0.0, 1.0, 1.0, 1.0, -1.0, -1.0, 1.0, 1.0, 1.0, -1.0, -1.0, 1.0, -1.0], [1.0, 1.0, 1.0, 1.0, 1.0, 1.0, 1.0, -1.0, -1.0, 1.0, 1.0, -1.0, -1.0, 1.0, 1.0, -1.0], [1.0, 1.0, 1.0, 1.0, 1.0, 1.0, 1.0, -1.0, -1.0, 1.0, 1.0, 1.0, 1.0, 1.0, 1.0, 1.0], [-1.0, -1.0, -1.0, -1.0, -1.0, -1.0, 1.0, 1.0, -1.0, -1.0, -1.0, 1.0, 1.0, -1.0, 1.0, -1.0], [1.0, 1.0, 1.0, -1.0, 1.0, 1.0, -1.0, -1.0, -1.0, 1.0, 1.0, -1.0, 1.0, 1.0, -1.0, 1.0], [-1.0, -1.0, 1.0, 1.0, -1.0, -1.0, -1.0, -1.0, -1.0, -1.0, 1.0, -1.0, 1.0, 1.0, -1.0, -1.0], [1.0, -1.0, -1.0, 1.0, -1.0, -1.0, -1.0, 1.0, -1.0, -1.0, -1.0, 1.0, 1.0, 1.0, 0.0, -1.0], [1.0, -1.0, 1.0, 1.0, -1.0, 1.0, 1.0, 1.0, -1.0, 1.0, -1.0, -1.0, -1.0, 1.0, 1.0, 1.0], [-1.0, 1.0, -1.0, 1.0, -1.0, -1.0, -1.0, 1.0, -1.0, -1.0, -1.0, -1.0, -1.0, -1.0, -1.0, 0.0], [-1.0, -1.0, -1.0, 1.0, -1.0, -1.0, -1.0, 1.0, -1.0, -1.0, -1.0, -1.0, 0.0, -1.0, -1.0, 1.0], [-1.0, -1.0, -1.0, -1.0, -1.0, -1.0, -1.0, -1.0, -1.0, -1.0, -1.0, -1.0, -1.0, -1.0, -1.0, -1.0], [-1.0, -1.0, -1.0, -1.0, -1.0, -1.0, 1.0, 1.0, -1.0, -1.0, 1.0, 1.0, -1.0, 1.0, 1.0, 1.0], [-1.0, -1.0, -1.0, -1.0, 1.0, -1.0, 0.0, -1.0, -1.0, -1.0, 1.0, 1.0, -1.0, 0.0, 1.0, 1.0], [1.0, 1.0, 1.0, -1.0, 1.0, 1.0, -1.0, 1.0, -1.0, 1.0, -1.0, 0.0, -1.0, -1.0, -1.0, 1.0], [-1.0, 1.0, -1.0, -1.0, 1.0, 1.0, -1.0, 1.0, -1.0, 1.0, 0.0, -1.0, 1.0, -1.0, 1.0, -1.0], [1.0, 1.0, 1.0, -1.0, 1.0, 1.0, 1.0, -1.0, -1.0, 0.0, 1.0, 1.0, 1.0, -1.0, -1.0, -1.0]], [[0.0, 1.0, 1.0], [0.0, -1.0, -1.0], [0.0, 1.0, 1.0], [0.0, 1.0, 1.0], [0.0, 1.0, 1.0], [0.0, 1.0, 1.0], [0.0, 1.0, 1.0], [0.0, 1.0, 1.0], [1.0, 1.0, 1.0], [0.0, -1.0, -1.0], [0.0, -1.0, -1.0], [0.0, -1.0, -1.0], [0.0, -1.0, -1.0], [0.0, -1.0, -1.0], [0.0, 0.0, 0.0], [0.0, -1.0, -1.0]]]
biases=[[1.0, -1.0, 0.0, 0.0, 1.0, -1.0, 0.0, 1.0, 1.0, -1.0, -1.0, -1.0, -1.0, -1.0, 1.0, 0.0], [-1.0, 0.0, 0.0, -1.0, 0.0, 0.0, -1.0, 0.0, 1.0, -1.0, 1.0, -1.0, -1.0, -1.0, 1.0, -1.0], [-1.0, -1.0, -1.0]]
