solver=hw_m
n_hidden_layers=1
examples_per_class=3
examples_skip=0
time_out=5
cp_total_time=0.0019893765449523924
cp_is_sat=True
cp_num_branches=698
cp_num_vars=707
mip_is_sat=True
mip_objective=1500339.9918876821
mip_bound=1500492.8158357968
mip_gap=0.00010185954446389601
mip_is_optimal=False
mip_num_nodes=313663.0
mip_num_vars=1427
cp_weights=[[[1.0, -1.0, 1.0, -1.0, 1.0, 1.0, -1.0, -1.0, -1.0, 1.0, 1.0, 1.0, -1.0, -1.0, 1.0, -1.0], [-1.0, 0.0, -1.0, -1.0, 1.0, -1.0, 1.0, 1.0, 1.0, 1.0, 0.0, 0.0, -1.0, -1.0, 0.0, 1.0], [-1.0, -1.0, 0.0, -1.0, 0.0, 0.0, 0.0, 1.0, 0.0, -1.0, -1.0, 1.0, 0.0, 1.0, 0.0, 1.0], [-1.0, -1.0, -1.0, 0.0, -1.0, -1.0, 0.0, 1.0, -1.0, 0.0, 0.0, -1.0, -1.0, 1.0, 1.0, 1.0], [-1.0, 0.0, 1.0, 1.0, 1.0, 0.0, -1.0, 0.0, 1.0, 0.0, -1.0, 1.0, 0.0, -1.0, 1.0, 0.0], [1.0, -1.0, -1.0, -1.0, 0.0, 1.0, 1.0, 0.0, -1.0, 1.0, -1.0, 1.0, -1.0, 0.0, 0.0, 1.0], [0.0, -1.0, 1.0, 1.0, 1.0, 1.0, -1.0, 1.0, -1.0, 0.0, 0.0, -1.0, 1.0, -1.0, -1.0, 0.0], [1.0, 1.0, 1.0, 1.0, -1.0, 0.0, -1.0, 0.0, 1.0, 1.0, -1.0, 1.0, 0.0, -1.0, -1.0, -1.0], [-1.0, -1.0, -1.0, 0.0, -1.0, -1.0, 0.0, -1.0, 1.0, -1.0, -1.0, 1.0, 1.0, -1.0, 0.0, -1.0], [0.0, -1.0, 0.0, -1.0, 0.0, 1.0, 0.0, -1.0, 1.0, 1.0, -1.0, -1.0, 0.0, -1.0, -1.0, 1.0], [0.0, 1.0, 0.0, 0.0, -1.0, 0.0, -1.0, 1.0, 1.0, 1.0, -1.0, -1.0, -1.0, -1.0, 0.0, 0.0], [0.0, -1.0, -1.0, 1.0, 1.0, 0.0, 1.0, 1.0, 1.0, 1.0, 1.0, 1.0, 1.0, 0.0, 1.0, 0.0], [-1.0, 0.0, -1.0, -1.0, -1.0, 1.0, 1.0, -1.0, 1.0, -1.0, 1.0, -1.0, 1.0, 0.0, -1.0, 0.0], [-1.0, -1.0, 1.0, 1.0, 0.0, 1.0, -1.0, 1.0, 0.0, -1.0, 0.0, 0.0, -1.0, 0.0, 0.0, -1.0], [1.0, -1.0, 1.0, 1.0, 1.0, 1.0, 1.0, 0.0, 0.0, -1.0, 0.0, 0.0, 1.0, -1.0, -1.0, 0.0], [0.0, 1.0, 0.0, -1.0, 1.0, 1.0, 0.0, 0.0, -1.0, 1.0, 0.0, 1.0, 1.0, 1.0, -1.0, 1.0], [0.0, 1.0, 0.0, 0.0, -1.0, 1.0, 0.0, -1.0, 1.0, 1.0, 1.0, 0.0, 0.0, 0.0, 1.0, -1.0], [-1.0, -1.0, 1.0, 1.0, 1.0, 1.0, -1.0, -1.0, 0.0, -1.0, 0.0, 0.0, -1.0, -1.0, -1.0, -1.0], [-1.0, 1.0, 1.0, -1.0, 0.0, 0.0, 0.0, 0.0, 0.0, 1.0, 1.0, 0.0, 0.0, -1.0, 0.0, -1.0], [-1.0, 1.0, -1.0, 1.0, 1.0, -1.0, 1.0, -1.0, -1.0, -1.0, -1.0, 1.0, 1.0, -1.0, -1.0, -1.0], [1.0, 1.0, 0.0, 1.0, 1.0, 1.0, 0.0, 0.0, 1.0, 1.0, -1.0, 1.0, 0.0, 1.0, 0.0, 1.0], [-1.0, -1.0, 1.0, -1.0, -1.0, 0.0, -1.0, 1.0, 1.0, 1.0, 1.0, -1.0, 1.0, 0.0, 0.0, 1.0], [1.0, 1.0, -1.0, -1.0, 1.0, -1.0, -1.0, 1.0, 1.0, 1.0, 1.0, 1.0, 1.0, -1.0, -1.0, 0.0], [1.0, 1.0, 1.0, 0.0, 1.0, -1.0, 1.0, 0.0, 0.0, -1.0, 1.0, 1.0, 1.0, 0.0, 1.0, -1.0], [0.0, 0.0, 0.0, -1.0, 1.0, 1.0, 0.0, 1.0, -1.0, 0.0, 1.0, 1.0, 1.0, 1.0, 0.0, -1.0], [0.0, 0.0, -1.0, -1.0, -1.0, 0.0, 0.0, 0.0, -1.0, -1.0, 0.0, 0.0, -1.0, 1.0, 0.0, 1.0], [1.0, 0.0, -1.0, 0.0, -1.0, 1.0, 0.0, 1.0, 1.0, -1.0, -1.0, 1.0, 1.0, 1.0, 0.0, -1.0], [0.0, -1.0, 1.0, 1.0, 1.0, 0.0, -1.0, 1.0, 1.0, -1.0, 1.0, -1.0, -1.0, -1.0, -1.0, -1.0], [1.0, 1.0, 1.0, -1.0, -1.0, -1.0, -1.0, 0.0, 0.0, -1.0, 0.0, -1.0, -1.0, 1.0, 0.0, -1.0], [-1.0, 1.0, 0.0, -1.0, 0.0, 1.0, 0.0, 1.0, -1.0, -1.0, 0.0, 1.0, 0.0, 1.0, -1.0, -1.0], [0.0, 1.0, -1.0, -1.0, 1.0, -1.0, 1.0, 1.0, 0.0, -1.0, 1.0, 1.0, -1.0, 1.0, 0.0, -1.0], [-1.0, -1.0, -1.0, 1.0, -1.0, -1.0, 0.0, 1.0, 0.0, -1.0, 0.0, -1.0, 0.0, 0.0, 0.0, -1.0], [1.0, -1.0, 0.0, -1.0, 1.0, 0.0, 1.0, -1.0, -1.0, 0.0, 0.0, -1.0, 0.0, 1.0, 0.0, -1.0], [-1.0, 0.0, 0.0, 1.0, 0.0, 1.0, 0.0, 1.0, -1.0, 0.0, -1.0, 1.0, 1.0, -1.0, 0.0, -1.0], [-1.0, 0.0, -1.0, 0.0, 1.0, 0.0, 1.0, -1.0, 0.0, 1.0, 1.0, 0.0, 1.0, 1.0, 1.0, 1.0], [-1.0, 1.0, 0.0, 1.0, 0.0, 1.0, 0.0, -1.0, 1.0, 1.0, -1.0, 1.0, 0.0, -1.0, 0.0, 1.0], [-1.0, 1.0, 1.0, -1.0, 0.0, -1.0, 1.0, -1.0, 1.0, 1.0, -1.0, 0.0, 1.0, 0.0, -1.0, 1.0], [1.0, -1.0, -1.0, -1.0, 0.0, 1.0, 0.0, 0.0, -1.0, -1.0, 0.0, 1.0, -1.0, 0.0, -1.0, -1.0], [-1.0, 0.0, 1.0, 0.0, 1.0, -1.0, -1.0, -1.0, 1.0, 1.0, 0.0, 1.0, 0.0, 1.0, 0.0, 0.0], [0.0, 0.0, -1.0, 1.0, -1.0, 1.0, 0.0, 0.0, -1.0, -1.0, 1.0, 1.0, 1.0, -1.0, -1.0, 0.0], [0.0, 0.0, 0.0, 0.0, 0.0, 0.0, 0.0, 0.0, 0.0, 0.0, 0.0, 0.0, 0.0, 0.0, 0.0, 0.0], [0.0, 0.0, 0.0, 0.0, 0.0, 0.0, 0.0, 0.0, 0.0, 0.0, 0.0, 0.0, 0.0, 0.0, 0.0, 0.0], [0.0, 0.0, 0.0, 0.0, 0.0, 0.0, 0.0, 0.0, 0.0, 0.0, 0.0, 0.0, 0.0, 0.0, 0.0, 0.0], [0.0, 0.0, 0.0, 0.0, 0.0, 0.0, 0.0, 0.0, 0.0, 0.0, 0.0, 0.0, 0.0, 0.0, 0.0, 0.0], [0.0, 0.0, 0.0, 0.0, 0.0, 0.0, 0.0, 0.0, 0.0, 0.0, 0.0, 0.0, 0.0, 0.0, 0.0, 0.0], [0.0, 0.0, 0.0, 0.0, 0.0, 0.0, 0.0, 0.0, 0.0, 0.0, 0.0, 0.0, 0.0, 0.0, 0.0, 0.0], [0.0, 0.0, 0.0, 0.0, 0.0, 0.0, 0.0, 0.0, 0.0, 0.0, 0.0, 0.0, 0.0, 0.0, 0.0, 0.0], [0.0, 0.0, 0.0, 0.0, 0.0, 0.0, 0.0, 0.0, 0.0, 0.0, 0.0, 0.0, 0.0, 0.0, 0.0, 0.0], [0.0, 0.0, 0.0, 0.0, 0.0, 0.0, 0.0, 0.0, 0.0, 0.0, 0.0, 0.0, 0.0, 0.0, 0.0, 0.0], [0.0, 0.0, 0.0, 0.0, 0.0, 0.0, 0.0, 0.0, 0.0, 0.0, 0.0, 0.0, 0.0, 0.0, 0.0, 0.0]], [[0.0, 0.0, -1.0], [0.0, 0.0, 1.0], [0.0, 0.0, -1.0], [-1.0, -1.0, 0.0], [1.0, -1.0, -1.0], [1.0, -1.0, -1.0], [-1.0, -1.0, 0.0], [1.0, 1.0, 1.0], [1.0, 0.0, 1.0], [-1.0, 1.0, 0.0], [0.0, 0.0, 1.0], [1.0, -1.0, 0.0], [0.0, 1.0, -1.0], [1.0, 1.0, 1.0], [0.0, 0.0, 0.0], [0.0, 1.0, 1.0]]]
cp_biases=[[0.0, 0.0, 0.0, 1.0, 0.0, -1.0, 0.0, -1.0, 0.0, 1.0, 1.0, 0.0, 1.0, 1.0, 1.0, 1.0], [-1.0, 1.0, 0.0]]
total_time=5.010259596506755
is_sat=True
train_performance=0.0
test_performance=0.0
weights=[[[-1.0, 0.0, 0.0, 0.0, 1.0, 0.0, 0.0, -1.0, 0.0, 0.0, 0.0, 1.0, 0.0, 0.0, 0.0, 0.0], [1.0, -1.0, 0.0, 1.0, -1.0, 1.0, 1.0, 1.0, 1.0, -0.0, -1.0, 0.0, 1.0, -1.0, 1.0, 0.0], [-1.0, 0.0, 0.0, -1.0, 1.0, -1.0, 0.0, -1.0, -1.0, 0.0, 0.0, 1.0, 0.0, 0.0, -1.0, 0.0], [-1.0, 0.0, 1.0, -1.0, -1.0, 0.0, 0.0, -1.0, 0.0, 0.0, 1.0, -1.0, 0.0, 0.0, 0.0, 0.0], [1.0, 1.0, -1.0, -1.0, 0.0, 0.0, -1.0, -0.0, 0.0, 0.0, 0.0, -1.0, -1.0, 1.0, 0.0, 0.0], [-1.0, 0.0, 0.0, 1.0, -1.0, 1.0, 0.0, 1.0, 1.0, 0.0, -0.0, -1.0, 0.0, 0.0, 1.0, 0.0], [-1.0, 1.0, 1.0, 0.0, 1.0, -1.0, -1.0, 0.0, 0.0, -1.0, 1.0, 1.0, 1.0, 1.0, -1.0, -1.0], [1.0, 1.0, -1.0, 1.0, 1.0, 0.0, 0.0, -0.0, 0.0, -1.0, -1.0, -2.858671847105205e-07, 0.0, -1.0, -1.0, 0.0], [1.0, -1.0, 0.0, 0.0, 1.0, -1.0, 1.0, -1.0, 0.0, 0.0, 0.0, 0.0, -1.0, 1.0, -1.0, 1.0], [1.0, -1.0, -1.0, -1.0, -1.0, 1.0, 0.0, 0.99999647887837, -1.0, 1.0, 1.0, -0.0, 0.0, -1.0, 1.0, 0.0], [1.0, -1.0, 1.0, 1.0, -1.0, -1.0, 1.0, 1.0, 0.0, 0.0, 1.0, -1.0, -1.0, 1.0, 0.0, 0.0], [1.0, -1.0, -1.0, 1.0, 1.0, 0.0, -1.0, 1.0, 1.0, 1.0, 0.0, 1.0, -1.0, 1.0, 1.0, -0.0], [1.0, -1.0, 1.0, 1.0, 0.0, 0.0, 1.0, 1.0, -1.0, 0.0, 1.0, 1.0, 1.0, 0.0, 0.0, 0.0], [-1.0, 0.0, 1.0, 1.0, 0.0, 0.0, 0.0, -1.0, 0.0, 1.0, 1.0, 1.0, 1.0, 1.0, 0.0, -0.0], [1.0, 0.0, 1.0, -1.0, 1.0, -1.0, -1.0, -1.0, 0.0, -0.0, -1.0, 0.0, -1.0, 0.0, -1.0, 0.0], [1.0, 1.0, 0.0, -1.0, -1.0, 1.0, 0.0, 1.0, 1.0, 0.0, -1.0, -1.0, 0.0, -1.0, 1.0, 0.0], [-1.0, 0.0, 1.0, 1.0, -0.0, 0.0, -1.0, -0.0, 1.0, 1.0, -1.0, 0.0, 0.0, -1.0, 1.0, -1.0], [1.0, 1.0, -1.0, -0.0, -1.0, 0.0, 1.0, -1.0, -1.0, -1.0, -1.0, -1.0, 0.0, -1.0, -0.0, 0.0], [1.0, 1.0, -1.0, 0.0, 1.0, -1.0, 0.0, -1.0, 1.0, 1.0, -1.0, 1.0, 1.0, 0.0, 1.0, -1.0], [-1.0, 0.0, 0.0, -1.0, -0.0, 1.0, 0.0, 1.0, -1.0, -1.0, 0.0, 0.0, 1.0, 0.0, -1.0, 1.0], [1.0, 0.0, 1.0, 0.0, -1.0, 0.0, 1.0, 1.0, -0.0, -0.0, -1.0, -1.0, -1.0, -1.0, -1.0, 1.0], [1.0, 0.0, -1.0, -0.0, 1.0, 0.0, -1.0, -1.0, 1.0, 1.0, 1.0, 1.0, 0.0, 0.0, 1.0, -1.0], [0.0, 0.0, -1.0, -0.0, 1.0, 0.0, 0.0, -1.0, -1.0, 0.0, 1.0, 1.0, -1.0, 0.0, -1.0, 1.0], [1.0, 0.0, 0.0, 1.0, 0.0, 0.0, 1.0, 1.0, 0.0, -1.0, -1.0, -0.0, 1.0, 0.0, -0.0, -0.0], [-1.0, 0.0, -1.0, 0.0, 0.0, -1.0, 0.0, 1.0, -1.0, 1.0, -1.0, -1.0, -1.0, 1.0, -0.0, -1.0], [1.0, 0.0, 1.0, 0.0, -1.0, -1.0, 0.0, 1.0, -1.0, -1.0, 1.0, -1.0, 0.0, -1.0, -1.0, 0.0], [1.0, -1.0, 1.0, 1.0, -1.0, 1.0, -8.695635364525636e-06, -1.0, 0.0, 1.0, 0.0, -1.0, 1.0, 1.0, 0.0, 1.0], [1.0, 0.0, 1.0, -1.0, -1.0, -1.0, 1.0, 0.0, -1.0, 1.0, -1.0, -1.0, -1.0, 1.0, 1.0, -1.0], [1.0, 1.0, -1.0, -1.0, 0.0, 1.0, 0.0, 0.0, -0.0, 1.0, 1.0, -1.0, -1.0, -1.0, -1.0, 1.0], [1.0, -1.0, 0.0, -1.0, 1.0, 1.0, -1.0, -1.0, 0.0, -1.0, -1.0, 1.0, 1.0, -1.0, 1.0, -1.0], [1.0, 0.0, -1.0, 1.0, -1.0, 0.0, 1.0, -1.0, 1.0, -1.0, 1.0, 1.0, 1.0, 1.0, 1.0, 1.0], [1.0, -1.0, 1.0, 1.0, 0.0, 0.0, 0.0, 1.0, 1.0, -0.0, 0.0, 1.0, 1.0, -1.0, -1.0, -0.0], [1.0, 1.0, 1.0, 0.0, 1.0, -1.0, -1.0, -1.0, 1.0, 0.0, 0.0, 0.0, 0.0, 0.0, 1.0, -1.0], [1.0, 1.0, 0.0, -1.0, 1.0, 0.0, -1.0, 1.0, -1.0, 0.0, 1.0, 1.0, -1.0, 1.0, -1.0, -0.0], [1.0, 1.0, 1.0, -1.0, 0.0, 0.0, 1.0, 1.0, 1.0, 1.0, 0.0, -1.0, -1.0, -1.0, -1.0, -1.0], [1.0, 1.0, 1.0, -1.0, 1.0, -1.0, 1.0, 1.0, -1.0, 1.0, 1.0, 1.0, 0.0, -1.0, -1.0, 1.0], [1.0, -1.0, -1.0, 1.0, -1.0, -1.0, -1.0, -1.0, 1.0, -1.0, -1.0, -1.0, 1.0, -1.0, 1.0, -1.0], [1.0, 1.0, 0.0, 1.0, -1.0, -1.0, 1.0, -1.0, 1.0, -1.0, -1.0, -1.0, -1.0, -1.0, 1.0, -1.0], [1.0, 0.0, -1.0, -1.0, 1.0, 1.0, 1.0, -1.0, 1.0, 0.0, -1.0, -1.0, 0.0, 1.0, 1.0, -1.0], [1.0, 1.0, 1.0, 1.0, 1.0, 1.0, -1.0, 1.0, 1.0, -1.0, -1.0, 1.0, -1.0, -1.0, 1.0, 1.0], [0.0, 0.0, 0.0, 0.0, 0.0, 0.0, 0.0, 0.0, 0.0, 0.0, 0.0, 0.0, 0.0, 0.0, 0.0, 0.0], [0.0, 0.0, 0.0, 0.0, 0.0, 0.0, 0.0, 0.0, 0.0, 0.0, 0.0, 0.0, 0.0, 0.0, 0.0, 0.0], [0.0, 0.0, 0.0, 0.0, 0.0, 0.0, 0.0, 0.0, 0.0, 0.0, 0.0, 0.0, 0.0, 0.0, 0.0, 0.0], [0.0, 0.0, 0.0, 0.0, 0.0, 0.0, 0.0, 0.0, 0.0, 0.0, 0.0, 0.0, 0.0, 0.0, 0.0, 0.0], [0.0, 0.0, 0.0, 0.0, 0.0, 0.0, 0.0, 0.0, 0.0, 0.0, 0.0, 0.0, 0.0, 0.0, 0.0, 0.0], [0.0, 0.0, 0.0, 0.0, 0.0, 0.0, 0.0, 0.0, 0.0, 0.0, 0.0, 0.0, 0.0, 0.0, 0.0, 0.0], [0.0, 0.0, 0.0, 0.0, 0.0, 0.0, 0.0, 0.0, 0.0, 0.0, 0.0, 0.0, 0.0, 0.0, 0.0, 0.0], [0.0, 0.0, 0.0, 0.0, 0.0, 0.0, 0.0, 0.0, 0.0, 0.0, 0.0, 0.0, 0.0, 0.0, 0.0, 0.0], [0.0, 0.0, 0.0, 0.0, 0.0, 0.0, 0.0, 0.0, 0.0, 0.0, 0.0, 0.0, 0.0, 0.0, 0.0, 0.0], [0.0, 0.0, 0.0, 0.0, 0.0, 0.0, 0.0, 0.0, 0.0, 0.0, 0.0, 0.0, 0.0, 0.0, 0.0, 0.0]], [[1.0, 1.0, 1.0], [0.0, 0.0, 0.0], [0.0, -1.0, 0.0], [-1.0, -1.0, -1.0], [-1.0, -1.0, -1.0], [0.0, -1.0, 0.0], [-1.0, -1.0, -1.0], [-1.0, 1.0, -1.0], [-1.0, 1.0, -1.0], [-1.0, 1.0, -1.0], [1.0, 1.0, 1.0], [1.0, -1.0, 1.0], [1.0, -1.0, 1.0], [1.0, 1.0, 1.0], [1.0, 1.0, 1.0], [1.0, 1.0, 1.0]]]
biases=[[1.0, -1.0, 1.0, 1.0, 1.0, -1.0, 1.0, 0.0, -1.0, -1.0, 1.0, 1.0, 1.0, 0.0, -1.0, -1.0], [-1.0, -1.0, -1.0]]
