solver=ha_m
n_hidden_layers=1
examples_per_class=2
examples_skip=0
time_out=5
cp_total_time=0.0016298413276672364
cp_is_sat=True
cp_num_branches=704
cp_num_vars=707
mip_is_sat=True
mip_objective=3574.0
mip_bound=3574.0
mip_gap=0.0
mip_is_optimal=True
mip_num_nodes=1.0
mip_num_vars=707
cp_weights=[[[1.0, -1.0, -1.0, -1.0, 1.0, 1.0, -1.0, 1.0, -1.0, 1.0, 1.0, -1.0, -1.0, -1.0, 1.0, -1.0], [-1.0, 0.0, 0.0, 1.0, 1.0, 1.0, 1.0, 1.0, 1.0, 1.0, 0.0, 0.0, -1.0, -1.0, 1.0, 1.0], [-1.0, -1.0, 0.0, -1.0, 0.0, 0.0, 0.0, 1.0, 0.0, -1.0, 1.0, 1.0, 0.0, 1.0, 0.0, 1.0], [-1.0, -1.0, -1.0, 0.0, -1.0, -1.0, 0.0, 1.0, -1.0, 0.0, -1.0, -1.0, 1.0, 1.0, 1.0, 1.0], [-1.0, 0.0, 1.0, 1.0, 1.0, 0.0, -1.0, 0.0, 1.0, 0.0, 1.0, 1.0, 0.0, -1.0, 1.0, 0.0], [1.0, -1.0, -1.0, -1.0, 0.0, 1.0, 1.0, 1.0, -1.0, 1.0, -1.0, 1.0, -1.0, 0.0, 0.0, 1.0], [0.0, -1.0, 1.0, 1.0, 1.0, 1.0, -1.0, 1.0, -1.0, 0.0, 1.0, -1.0, 1.0, -1.0, -1.0, 0.0], [1.0, 1.0, 1.0, 1.0, -1.0, -1.0, -1.0, 1.0, 1.0, 1.0, -1.0, 1.0, 0.0, -1.0, -1.0, -1.0], [-1.0, -1.0, -1.0, 0.0, -1.0, -1.0, -1.0, -1.0, 0.0, -1.0, -1.0, 1.0, 1.0, -1.0, 0.0, -1.0], [0.0, -1.0, 0.0, -1.0, -1.0, 1.0, 0.0, -1.0, 1.0, 0.0, -1.0, -1.0, 0.0, -1.0, -1.0, 1.0], [1.0, 1.0, 0.0, 0.0, -1.0, 0.0, 1.0, 1.0, 1.0, 1.0, -1.0, -1.0, -1.0, -1.0, 0.0, 0.0], [0.0, -1.0, -1.0, 1.0, 1.0, 0.0, 1.0, 0.0, 1.0, 1.0, -1.0, 1.0, 1.0, 0.0, 1.0, 0.0], [-1.0, 1.0, -1.0, -1.0, -1.0, 1.0, 0.0, -1.0, 1.0, 1.0, -1.0, -1.0, -1.0, 0.0, -1.0, 0.0], [-1.0, -1.0, 1.0, 1.0, 0.0, 1.0, -1.0, 1.0, 0.0, -1.0, 0.0, 0.0, -1.0, 0.0, 0.0, -1.0], [1.0, -1.0, 1.0, 1.0, 1.0, 1.0, -1.0, 0.0, 0.0, -1.0, 0.0, 0.0, 1.0, -1.0, -1.0, 0.0], [0.0, 1.0, 0.0, -1.0, 1.0, 1.0, 0.0, 0.0, -1.0, -1.0, 0.0, 1.0, 1.0, 1.0, -1.0, 1.0], [0.0, 1.0, 0.0, 0.0, -1.0, 1.0, 0.0, -1.0, 1.0, 1.0, 1.0, 0.0, 0.0, 0.0, 1.0, -1.0], [-1.0, -1.0, 1.0, 1.0, 1.0, 1.0, -1.0, -1.0, 0.0, 1.0, 0.0, 0.0, -1.0, -1.0, -1.0, -1.0], [-1.0, 1.0, 1.0, -1.0, 0.0, 0.0, 0.0, 1.0, -1.0, 1.0, 1.0, 0.0, 0.0, -1.0, 0.0, -1.0], [-1.0, 1.0, -1.0, 1.0, 1.0, -1.0, 1.0, -1.0, -1.0, -1.0, -1.0, 1.0, 1.0, 0.0, -1.0, -1.0], [1.0, 1.0, 0.0, 1.0, 1.0, 1.0, 0.0, 1.0, 1.0, 1.0, -1.0, 1.0, 0.0, 1.0, 0.0, 1.0], [-1.0, -1.0, 1.0, -1.0, -1.0, 0.0, -1.0, -1.0, 1.0, 1.0, 1.0, -1.0, 1.0, 0.0, 0.0, 1.0], [1.0, 1.0, -1.0, -1.0, 1.0, -1.0, -1.0, 1.0, 1.0, 1.0, 1.0, 1.0, 1.0, -1.0, -1.0, 0.0], [1.0, 1.0, 1.0, 0.0, 1.0, 1.0, 1.0, 0.0, 0.0, -1.0, 1.0, 0.0, 1.0, 0.0, 1.0, -1.0], [0.0, 0.0, 0.0, -1.0, 1.0, 1.0, 0.0, 1.0, -1.0, 0.0, 1.0, 0.0, 1.0, 1.0, 0.0, -1.0], [0.0, 0.0, -1.0, -1.0, 0.0, 0.0, 1.0, 0.0, -1.0, -1.0, 0.0, 0.0, -1.0, -1.0, 0.0, 0.0], [1.0, 0.0, -1.0, 0.0, -1.0, 0.0, 0.0, -1.0, 1.0, -1.0, -1.0, 1.0, 1.0, 1.0, 0.0, -1.0], [0.0, -1.0, 1.0, 1.0, 1.0, 0.0, -1.0, 1.0, 1.0, -1.0, 0.0, -1.0, -1.0, -1.0, -1.0, -1.0], [1.0, 1.0, 1.0, -1.0, -1.0, -1.0, -1.0, 1.0, 0.0, -1.0, 0.0, -1.0, -1.0, 1.0, 0.0, -1.0], [-1.0, 1.0, 0.0, -1.0, 0.0, 1.0, 0.0, 1.0, 1.0, -1.0, 0.0, 1.0, 0.0, 1.0, -1.0, -1.0], [0.0, 1.0, -1.0, 1.0, 1.0, -1.0, 1.0, 1.0, 0.0, -1.0, 1.0, -1.0, 0.0, 1.0, 0.0, -1.0], [-1.0, -1.0, -1.0, 1.0, -1.0, -1.0, 0.0, 1.0, 0.0, -1.0, 0.0, -1.0, 0.0, 0.0, 1.0, -1.0], [1.0, -1.0, 0.0, -1.0, 1.0, 1.0, 0.0, -1.0, -1.0, -1.0, 0.0, -1.0, 0.0, 1.0, 1.0, -1.0], [-1.0, 0.0, 1.0, 1.0, 0.0, 1.0, 0.0, 1.0, -1.0, 0.0, -1.0, 0.0, 1.0, -1.0, 0.0, -1.0], [-1.0, 0.0, -1.0, 0.0, 1.0, -1.0, 1.0, -1.0, 0.0, 1.0, 1.0, 1.0, 1.0, 1.0, 1.0, -1.0], [-1.0, 1.0, 0.0, 1.0, 0.0, 1.0, 0.0, -1.0, 1.0, 1.0, -1.0, 1.0, 0.0, -1.0, 0.0, -1.0], [-1.0, 1.0, 1.0, -1.0, 0.0, -1.0, 1.0, -1.0, 1.0, 1.0, 1.0, 0.0, 1.0, 0.0, 1.0, 1.0], [1.0, -1.0, 0.0, -1.0, 0.0, 1.0, 0.0, 0.0, -1.0, -1.0, 0.0, 1.0, -1.0, 0.0, -1.0, -1.0], [-1.0, 0.0, -1.0, 0.0, 1.0, -1.0, -1.0, -1.0, 1.0, 1.0, 0.0, 1.0, 0.0, 1.0, 0.0, 0.0], [0.0, 0.0, -1.0, 1.0, -1.0, 1.0, 0.0, 0.0, 1.0, -1.0, 1.0, -1.0, 1.0, -1.0, 1.0, 0.0], [0.0, 0.0, 0.0, 0.0, 0.0, 0.0, 0.0, 0.0, 0.0, 0.0, 0.0, 0.0, 0.0, 0.0, 0.0, 0.0], [0.0, 0.0, 0.0, 0.0, 0.0, 0.0, 0.0, 0.0, 0.0, 0.0, 0.0, 0.0, 0.0, 0.0, 0.0, 0.0], [0.0, 0.0, 0.0, 0.0, 0.0, 0.0, 0.0, 0.0, 0.0, 0.0, 0.0, 0.0, 0.0, 0.0, 0.0, 0.0], [0.0, 0.0, 0.0, 0.0, 0.0, 0.0, 0.0, 0.0, 0.0, 0.0, 0.0, 0.0, 0.0, 0.0, 0.0, 0.0], [0.0, 0.0, 0.0, 0.0, 0.0, 0.0, 0.0, 0.0, 0.0, 0.0, 0.0, 0.0, 0.0, 0.0, 0.0, 0.0], [0.0, 0.0, 0.0, 0.0, 0.0, 0.0, 0.0, 0.0, 0.0, 0.0, 0.0, 0.0, 0.0, 0.0, 0.0, 0.0], [0.0, 0.0, 0.0, 0.0, 0.0, 0.0, 0.0, 0.0, 0.0, 0.0, 0.0, 0.0, 0.0, 0.0, 0.0, 0.0], [0.0, 0.0, 0.0, 0.0, 0.0, 0.0, 0.0, 0.0, 0.0, 0.0, 0.0, 0.0, 0.0, 0.0, 0.0, 0.0], [0.0, 0.0, 0.0, 0.0, 0.0, 0.0, 0.0, 0.0, 0.0, 0.0, 0.0, 0.0, 0.0, 0.0, 0.0, 0.0], [0.0, 0.0, 0.0, 0.0, 0.0, 0.0, 0.0, 0.0, 0.0, 0.0, 0.0, 0.0, 0.0, 0.0, 0.0, 0.0]], [[0.0, 0.0, -1.0], [0.0, 0.0, 1.0], [0.0, 0.0, -1.0], [-1.0, -1.0, 0.0], [1.0, -1.0, -1.0], [1.0, -1.0, 1.0], [-1.0, -1.0, 0.0], [1.0, 1.0, 1.0], [1.0, 0.0, 1.0], [-1.0, 1.0, 0.0], [0.0, 0.0, 1.0], [1.0, -1.0, 0.0], [0.0, 1.0, -1.0], [1.0, 1.0, 0.0], [0.0, 0.0, 0.0], [0.0, 1.0, 1.0]]]
cp_biases=[[0.0, 0.0, 0.0, 1.0, 0.0, -1.0, 0.0, 0.0, 0.0, 0.0, 1.0, 0.0, 1.0, 1.0, 1.0, 1.0], [-1.0, 1.0, 0.0]]
total_time=0.013386158148447673
is_sat=True
train_performance=0.0
test_performance=0.0
weights=[[[-1.0, -1.0, -1.0, -1.0, 1.0, 1.0, 1.0, 1.0, -1.0, 1.0, 1.0, 1.0, -1.0, 1.0, 1.0, 1.0], [-1.0, -1.0, -1.0, -1.0, 1.0, 1.0, 1.0, 1.0, -1.0, 1.0, 1.0, 1.0, -1.0, 1.0, 0.0, 1.0], [-1.0, -1.0, -1.0, -1.0, 1.0, 1.0, 1.0, 1.0, -1.0, 1.0, 1.0, 1.0, -1.0, 1.0, 1.0, 1.0], [-1.0, -1.0, -1.0, -1.0, 1.0, 1.0, 1.0, 1.0, -1.0, 1.0, 0.0, 1.0, -1.0, 1.0, 0.0, 1.0], [-1.0, -1.0, -1.0, -1.0, 1.0, 1.0, 1.0, 1.0, -1.0, 1.0, -1.0, 1.0, -1.0, 1.0, 0.0, 1.0], [-1.0, -1.0, -1.0, -1.0, 1.0, 1.0, 1.0, 1.0, -1.0, 1.0, 1.0, 1.0, -1.0, 1.0, 1.0, 1.0], [-1.0, 1.0, -1.0, 1.0, 1.0, 1.0, -1.0, 1.0, 1.0, -1.0, 1.0, 1.0, 1.0, -1.0, 1.0, -1.0], [-1.0, 1.0, 1.0, 1.0, 1.0, 1.0, -1.0, 1.0, 1.0, -1.0, -1.0, 1.0, 1.0, -1.0, -1.0, -1.0], [-1.0, 1.0, 1.0, 1.0, 1.0, 1.0, -1.0, 1.0, 1.0, -1.0, -1.0, 1.0, 1.0, -1.0, -1.0, -1.0], [-1.0, 1.0, 1.0, 1.0, 1.0, 1.0, -1.0, 1.0, 1.0, -1.0, 1.0, 1.0, 1.0, -1.0, 1.0, -1.0], [-1.0, -1.0, 1.0, 1.0, 1.0, 1.0, -1.0, 1.0, 1.0, 1.0, -1.0, -1.0, 1.0, -1.0, -1.0, 1.0], [-1.0, -1.0, 1.0, 1.0, 1.0, 1.0, -1.0, 1.0, 1.0, 1.0, -1.0, 1.0, 1.0, -1.0, -1.0, 1.0], [-1.0, -1.0, 1.0, 1.0, 1.0, 1.0, -1.0, 1.0, 1.0, 1.0, -1.0, 0.0, 1.0, -1.0, -1.0, 1.0], [-1.0, -1.0, 1.0, 1.0, 1.0, 1.0, -1.0, 1.0, 1.0, 1.0, -1.0, 1.0, 1.0, -1.0, -1.0, 1.0], [-1.0, -1.0, 1.0, 1.0, 1.0, 1.0, -1.0, 1.0, 1.0, 1.0, 0.0, 1.0, 1.0, -1.0, 0.0, 1.0], [-1.0, 1.0, 1.0, 1.0, 1.0, 1.0, -1.0, 1.0, 1.0, -1.0, -1.0, -1.0, 1.0, -1.0, -1.0, -1.0], [-1.0, -1.0, 1.0, 1.0, 1.0, 1.0, -1.0, 1.0, 1.0, 1.0, 1.0, -1.0, 1.0, -1.0, -1.0, 1.0], [-1.0, -1.0, 1.0, 1.0, 1.0, 1.0, -1.0, 1.0, 1.0, 1.0, -1.0, -1.0, 1.0, -1.0, -1.0, 1.0], [-1.0, -1.0, 1.0, 1.0, 1.0, 1.0, -1.0, 1.0, 1.0, 1.0, -1.0, -1.0, 1.0, -1.0, -1.0, 1.0], [-1.0, 1.0, 1.0, 1.0, 1.0, 1.0, -1.0, 1.0, 1.0, 1.0, 1.0, -1.0, 1.0, -1.0, 1.0, 1.0], [-1.0, -1.0, 1.0, 1.0, 1.0, 1.0, -1.0, 1.0, 1.0, 1.0, 1.0, -1.0, 1.0, -1.0, 1.0, 1.0], [-1.0, -1.0, 1.0, 1.0, 1.0, 1.0, -1.0, 1.0, 1.0, 1.0, -1.0, -1.0, 1.0, -1.0, 1.0, 1.0], [-1.0, 1.0, -1.0, 1.0, 1.0, 1.0, -1.0, 1.0, 1.0, -1.0, 1.0, -1.0, 1.0, -1.0, 1.0, -1.0], [-1.0, -1.0, -1.0, 1.0, 1.0, 1.0, -1.0, 1.0, 1.0, -1.0, -1.0, -1.0, 1.0, -1.0, 1.0, -1.0], [-1.0, -1.0, -1.0, 1.0, 1.0, 1.0, -1.0, 1.0, 1.0, -1.0, 1.0, -1.0, 1.0, -1.0, 1.0, -1.0], [-1.0, 1.0, -1.0, 1.0, 1.0, 1.0, -1.0, 1.0, 1.0, -1.0, 1.0, -1.0, 1.0, -1.0, 1.0, -1.0], [-1.0, 1.0, -1.0, 1.0, 1.0, 1.0, -1.0, 1.0, 1.0, -1.0, -1.0, -1.0, 1.0, -1.0, -1.0, -1.0], [-1.0, 1.0, -1.0, 1.0, 1.0, 1.0, -1.0, 1.0, 1.0, -1.0, 1.0, 1.0, 1.0, -1.0, 0.0, -1.0], [-1.0, 1.0, -1.0, 1.0, 1.0, 1.0, -1.0, 1.0, 1.0, -1.0, 1.0, 1.0, 1.0, -1.0, -1.0, -1.0], [-1.0, 1.0, -1.0, 1.0, 1.0, 1.0, -1.0, 1.0, 1.0, -1.0, -1.0, -1.0, 1.0, -1.0, -1.0, -1.0], [-1.0, 1.0, -1.0, 1.0, 1.0, 1.0, -1.0, 1.0, 1.0, -1.0, -1.0, -1.0, 1.0, -1.0, -1.0, -1.0], [-1.0, 1.0, -1.0, 1.0, 1.0, 1.0, -1.0, 1.0, 1.0, -1.0, -1.0, -1.0, 1.0, -1.0, -1.0, -1.0], [-1.0, -1.0, -1.0, 1.0, 1.0, 1.0, -1.0, 1.0, 1.0, -1.0, -1.0, -1.0, 1.0, -1.0, -1.0, -1.0], [-1.0, -1.0, -1.0, 1.0, 1.0, 1.0, -1.0, 1.0, 1.0, -1.0, -1.0, -1.0, 1.0, -1.0, -1.0, -1.0], [-1.0, -1.0, -1.0, 1.0, 1.0, 1.0, -1.0, 1.0, 1.0, -1.0, 1.0, -1.0, 1.0, -1.0, 1.0, -1.0], [-1.0, -1.0, -1.0, 1.0, 1.0, 1.0, -1.0, 1.0, 1.0, -1.0, 1.0, -1.0, 1.0, -1.0, 1.0, -1.0], [-1.0, -1.0, -1.0, 1.0, 1.0, 1.0, -1.0, 1.0, 1.0, -1.0, 1.0, -1.0, 1.0, -1.0, 1.0, -1.0], [-1.0, -1.0, -1.0, 1.0, 1.0, 1.0, -1.0, 1.0, 1.0, -1.0, 1.0, -1.0, 1.0, -1.0, 1.0, -1.0], [-1.0, -1.0, -1.0, 1.0, 1.0, 1.0, -1.0, 1.0, 1.0, -1.0, 1.0, -1.0, 1.0, -1.0, 1.0, -1.0], [-1.0, -1.0, -1.0, 1.0, 1.0, 1.0, -1.0, 1.0, 1.0, -1.0, 1.0, -1.0, 1.0, -1.0, 1.0, -1.0], [0.0, 0.0, 0.0, 0.0, 0.0, 0.0, 0.0, 0.0, 0.0, 0.0, 0.0, 0.0, 0.0, 0.0, 0.0, 0.0], [0.0, 0.0, 0.0, 0.0, 0.0, 0.0, 0.0, 0.0, 0.0, 0.0, 0.0, 0.0, 0.0, 0.0, 0.0, 0.0], [0.0, 0.0, 0.0, 0.0, 0.0, 0.0, 0.0, 0.0, 0.0, 0.0, 0.0, 0.0, 0.0, 0.0, 0.0, 0.0], [0.0, 0.0, 0.0, 0.0, 0.0, 0.0, 0.0, 0.0, 0.0, 0.0, 0.0, 0.0, 0.0, 0.0, 0.0, 0.0], [0.0, 0.0, 0.0, 0.0, 0.0, 0.0, 0.0, 0.0, 0.0, 0.0, 0.0, 0.0, 0.0, 0.0, 0.0, 0.0], [0.0, 0.0, 0.0, 0.0, 0.0, 0.0, 0.0, 0.0, 0.0, 0.0, 0.0, 0.0, 0.0, 0.0, 0.0, 0.0], [0.0, 0.0, 0.0, 0.0, 0.0, 0.0, 0.0, 0.0, 0.0, 0.0, 0.0, 0.0, 0.0, 0.0, 0.0, 0.0], [0.0, 0.0, 0.0, 0.0, 0.0, 0.0, 0.0, 0.0, 0.0, 0.0, 0.0, 0.0, 0.0, 0.0, 0.0, 0.0], [0.0, 0.0, 0.0, 0.0, 0.0, 0.0, 0.0, 0.0, 0.0, 0.0, 0.0, 0.0, 0.0, 0.0, 0.0, 0.0], [0.0, 0.0, 0.0, 0.0, 0.0, 0.0, 0.0, 0.0, 0.0, 0.0, 0.0, 0.0, 0.0, 0.0, 0.0, 0.0]], [[-1.0, -1.0, -1.0], [-1.0, -1.0, -1.0], [-1.0, 1.0, -1.0], [1.0, -1.0, -1.0], [1.0, 0.0, 1.0], [1.0, -1.0, 1.0], [-1.0, 1.0, -1.0], [1.0, -1.0, 1.0], [1.0, -1.0, 1.0], [1.0, 1.0, -1.0], [1.0, -1.0, 1.0], [1.0, 1.0, 0.0], [1.0, -1.0, 1.0], [-1.0, -1.0, -1.0], [1.0, -1.0, 1.0], [1.0, 1.0, 1.0]]]
biases=[[-1.0, -1.0, -1.0, -1.0, 1.0, 1.0, 1.0, 1.0, -1.0, 1.0, 1.0, 1.0, -1.0, 1.0, 1.0, 1.0], [1.0, 1.0, 1.0]]
