solver=ha_m
n_hidden_layers=2
examples_per_class=2
examples_skip=0
time_out=5
cp_total_time=0.002364007631937663
cp_is_sat=True
cp_num_branches=975
cp_num_vars=979
mip_is_sat=True
mip_objective=4550.0
mip_bound=4550.0
mip_gap=0.0
mip_is_optimal=True
mip_num_nodes=1.0
mip_num_vars=979
cp_weights=[[[-1.0, 0.0, -1.0, -1.0, 1.0, 0.0, -1.0, 1.0, -1.0, -1.0, 1.0, 1.0, 0.0, 0.0, 0.0, 0.0], [-1.0, 1.0, 0.0, -1.0, -1.0, 1.0, 1.0, 1.0, 0.0, -1.0, -1.0, 1.0, -1.0, 1.0, 0.0, 1.0], [-1.0, -1.0, 0.0, -1.0, -1.0, 0.0, -1.0, 1.0, -1.0, -1.0, 0.0, -1.0, 0.0, 0.0, 1.0, 1.0], [-1.0, 1.0, -1.0, 0.0, 1.0, 1.0, 0.0, -1.0, -1.0, -1.0, 1.0, -1.0, 1.0, 0.0, 1.0, 0.0], [1.0, 1.0, -1.0, 1.0, 1.0, -1.0, 1.0, 0.0, 1.0, 1.0, 0.0, 1.0, 0.0, 0.0, 0.0, -1.0], [1.0, 1.0, -1.0, -1.0, 0.0, 0.0, 0.0, 0.0, 1.0, -1.0, -1.0, 0.0, 0.0, 0.0, 1.0, -1.0], [-1.0, -1.0, 0.0, 1.0, -1.0, 1.0, 1.0, 1.0, -1.0, 1.0, 1.0, 1.0, 0.0, 1.0, 0.0, 1.0], [0.0, 1.0, 1.0, 0.0, -1.0, -1.0, -1.0, -1.0, 1.0, 1.0, 1.0, 1.0, 0.0, -1.0, -1.0, -1.0], [0.0, -1.0, 1.0, 0.0, 1.0, 1.0, 1.0, -1.0, -1.0, 1.0, 0.0, 0.0, 1.0, 0.0, 1.0, 1.0], [1.0, 1.0, 0.0, 1.0, 0.0, -1.0, -1.0, 1.0, 0.0, 1.0, -1.0, 1.0, -1.0, -1.0, 1.0, 0.0], [0.0, -1.0, 0.0, -1.0, -1.0, -1.0, 1.0, 0.0, 1.0, -1.0, 1.0, -1.0, -1.0, 1.0, 0.0, 1.0], [0.0, -1.0, 0.0, 1.0, -1.0, 0.0, -1.0, 0.0, -1.0, -1.0, -1.0, 1.0, 1.0, 0.0, 0.0, 0.0], [1.0, 1.0, 0.0, 1.0, 1.0, -1.0, -1.0, 0.0, 1.0, 1.0, -1.0, -1.0, -1.0, 1.0, 0.0, -1.0], [1.0, -1.0, 0.0, 1.0, 1.0, 1.0, 1.0, 0.0, 1.0, 0.0, 1.0, -1.0, -1.0, -1.0, 1.0, 0.0], [-1.0, 1.0, 1.0, -1.0, 1.0, 1.0, 0.0, 0.0, 1.0, 0.0, 0.0, 0.0, -1.0, -1.0, -1.0, 1.0], [0.0, 1.0, 0.0, 1.0, 0.0, 0.0, -1.0, -1.0, -1.0, -1.0, 0.0, -1.0, -1.0, -1.0, 0.0, -1.0], [0.0, -1.0, 1.0, 0.0, 0.0, -1.0, 1.0, -1.0, 1.0, -1.0, 0.0, 0.0, -1.0, 1.0, 1.0, -1.0], [-1.0, 0.0, 1.0, -1.0, 0.0, 1.0, 1.0, 0.0, 0.0, -1.0, 1.0, 0.0, -1.0, -1.0, 1.0, 1.0], [1.0, 0.0, -1.0, 1.0, -1.0, -1.0, -1.0, -1.0, -1.0, 0.0, 1.0, 1.0, -1.0, -1.0, 0.0, 0.0], [0.0, 1.0, -1.0, 0.0, -1.0, -1.0, -1.0, 1.0, 0.0, -1.0, -1.0, 1.0, 1.0, -1.0, 1.0, 1.0], [1.0, 0.0, -1.0, 0.0, -1.0, 0.0, 0.0, -1.0, 1.0, 0.0, 0.0, 1.0, 1.0, 0.0, 1.0, -1.0], [0.0, 0.0, -1.0, 1.0, 1.0, 1.0, 0.0, -1.0, 1.0, 1.0, 1.0, 1.0, 0.0, -1.0, 1.0, 0.0], [0.0, 0.0, -1.0, 0.0, -1.0, 1.0, 1.0, 1.0, 1.0, 0.0, 1.0, 0.0, 0.0, -1.0, 1.0, -1.0], [-1.0, 1.0, -1.0, -1.0, 1.0, 0.0, -1.0, -1.0, 1.0, -1.0, 1.0, 1.0, -1.0, 0.0, -1.0, 0.0], [0.0, -1.0, 0.0, -1.0, 0.0, -1.0, 0.0, -1.0, -1.0, -1.0, 1.0, -1.0, 1.0, -1.0, -1.0, 1.0], [1.0, 0.0, 1.0, -1.0, -1.0, 1.0, 1.0, 0.0, 0.0, -1.0, 0.0, 1.0, -1.0, 1.0, 1.0, 1.0], [1.0, 0.0, -1.0, 0.0, 1.0, 1.0, 0.0, 1.0, 0.0, -1.0, 1.0, 0.0, 1.0, 1.0, -1.0, -1.0], [0.0, -1.0, 1.0, -1.0, -1.0, 1.0, 1.0, 1.0, 0.0, -1.0, 0.0, -1.0, 0.0, -1.0, 0.0, 0.0], [-1.0, 1.0, 0.0, -1.0, 1.0, 0.0, 0.0, 0.0, 0.0, 0.0, 1.0, 1.0, -1.0, 1.0, -1.0, 0.0], [1.0, 0.0, 0.0, -1.0, 0.0, -1.0, 0.0, 1.0, -1.0, -1.0, 0.0, 1.0, 0.0, 0.0, 0.0, 1.0], [-1.0, -1.0, 1.0, -1.0, 0.0, -1.0, -1.0, 1.0, -1.0, 0.0, 0.0, 1.0, -1.0, -1.0, 0.0, 1.0], [-1.0, -1.0, 0.0, 1.0, -1.0, 0.0, 1.0, 1.0, 1.0, -1.0, 0.0, -1.0, 1.0, 1.0, 1.0, 0.0], [1.0, 0.0, 0.0, -1.0, 0.0, -1.0, 1.0, 0.0, 0.0, 0.0, 1.0, 0.0, 0.0, -1.0, -1.0, -1.0], [1.0, 0.0, -1.0, -1.0, -1.0, 0.0, -1.0, 0.0, 0.0, 0.0, -1.0, 0.0, 1.0, -1.0, 0.0, -1.0], [-1.0, 1.0, 0.0, 1.0, 0.0, 0.0, 1.0, -1.0, 0.0, -1.0, 1.0, -1.0, 0.0, 1.0, -1.0, 0.0], [0.0, 1.0, 0.0, -1.0, 1.0, -1.0, -1.0, 1.0, 0.0, 1.0, 0.0, 1.0, 1.0, -1.0, -1.0, 1.0], [1.0, 1.0, 1.0, 1.0, 1.0, -1.0, 1.0, 1.0, 0.0, 1.0, 1.0, 0.0, 0.0, 0.0, 1.0, 0.0], [1.0, 1.0, 1.0, 1.0, 1.0, 0.0, 1.0, 0.0, 1.0, 1.0, 0.0, -1.0, 1.0, 0.0, 0.0, -1.0], [0.0, -1.0, -1.0, -1.0, -1.0, -1.0, -1.0, -1.0, -1.0, 0.0, 1.0, 1.0, 0.0, -1.0, -1.0, -1.0], [0.0, -1.0, 1.0, 1.0, 1.0, 1.0, 0.0, -1.0, 1.0, -1.0, 0.0, -1.0, 1.0, 1.0, 0.0, -1.0], [0.0, 0.0, 0.0, 0.0, 0.0, 0.0, 0.0, 0.0, 0.0, 0.0, 0.0, 0.0, 0.0, 0.0, 0.0, 0.0], [0.0, 0.0, 0.0, 0.0, 0.0, 0.0, 0.0, 0.0, 0.0, 0.0, 0.0, 0.0, 0.0, 0.0, 0.0, 0.0], [0.0, 0.0, 0.0, 0.0, 0.0, 0.0, 0.0, 0.0, 0.0, 0.0, 0.0, 0.0, 0.0, 0.0, 0.0, 0.0], [0.0, 0.0, 0.0, 0.0, 0.0, 0.0, 0.0, 0.0, 0.0, 0.0, 0.0, 0.0, 0.0, 0.0, 0.0, 0.0], [0.0, 0.0, 0.0, 0.0, 0.0, 0.0, 0.0, 0.0, 0.0, 0.0, 0.0, 0.0, 0.0, 0.0, 0.0, 0.0], [0.0, 0.0, 0.0, 0.0, 0.0, 0.0, 0.0, 0.0, 0.0, 0.0, 0.0, 0.0, 0.0, 0.0, 0.0, 0.0], [0.0, 0.0, 0.0, 0.0, 0.0, 0.0, 0.0, 0.0, 0.0, 0.0, 0.0, 0.0, 0.0, 0.0, 0.0, 0.0], [0.0, 0.0, 0.0, 0.0, 0.0, 0.0, 0.0, 0.0, 0.0, 0.0, 0.0, 0.0, 0.0, 0.0, 0.0, 0.0], [0.0, 0.0, 0.0, 0.0, 0.0, 0.0, 0.0, 0.0, 0.0, 0.0, 0.0, 0.0, 0.0, 0.0, 0.0, 0.0], [0.0, 0.0, 0.0, 0.0, 0.0, 0.0, 0.0, 0.0, 0.0, 0.0, 0.0, 0.0, 0.0, 0.0, 0.0, 0.0]], [[1.0, 1.0, 0.0, -1.0, 1.0, 1.0, -1.0, 1.0, 0.0, 1.0, 1.0, 0.0, 0.0, 1.0, 0.0, 1.0], [-1.0, 0.0, 0.0, 1.0, 1.0, 1.0, 0.0, 0.0, 1.0, 1.0, 1.0, 0.0, -1.0, 0.0, -1.0, 1.0], [1.0, 1.0, 0.0, 0.0, -1.0, 1.0, -1.0, 1.0, -1.0, -1.0, 0.0, 1.0, 0.0, 1.0, -1.0, -1.0], [1.0, 1.0, 1.0, 1.0, 0.0, 0.0, 1.0, 0.0, 0.0, 1.0, 1.0, 0.0, 0.0, 0.0, 1.0, -1.0], [1.0, -1.0, 1.0, 0.0, 1.0, 1.0, 1.0, -1.0, 0.0, 1.0, -1.0, 1.0, 0.0, 1.0, -1.0, 0.0], [0.0, -1.0, -1.0, 1.0, 1.0, 1.0, -1.0, 0.0, 0.0, -1.0, 0.0, -1.0, 1.0, -1.0, 1.0, -1.0], [0.0, 1.0, -1.0, 1.0, 0.0, 0.0, 1.0, 0.0, 0.0, -1.0, -1.0, 1.0, 1.0, -1.0, 0.0, 0.0], [0.0, 1.0, -1.0, 1.0, -1.0, -1.0, -1.0, -1.0, 1.0, 1.0, 0.0, 1.0, -1.0, 1.0, 0.0, -1.0], [1.0, -1.0, -1.0, 1.0, 0.0, -1.0, 1.0, 0.0, -1.0, -1.0, 1.0, 1.0, 0.0, 0.0, -1.0, 0.0], [1.0, 1.0, -1.0, 1.0, 0.0, 1.0, 0.0, -1.0, -1.0, 1.0, -1.0, -1.0, 0.0, -1.0, 1.0, 1.0], [0.0, -1.0, 0.0, 1.0, 0.0, -1.0, 1.0, 1.0, 1.0, 0.0, 0.0, 0.0, -1.0, 1.0, 1.0, 1.0], [-1.0, -1.0, 0.0, 0.0, 0.0, 1.0, -1.0, 0.0, 1.0, 0.0, -1.0, 1.0, 0.0, 0.0, -1.0, 1.0], [1.0, 1.0, -1.0, 1.0, 1.0, -1.0, 1.0, -1.0, 1.0, -1.0, 0.0, 1.0, 1.0, 0.0, 1.0, 1.0], [0.0, -1.0, -1.0, 0.0, -1.0, -1.0, 0.0, 1.0, 1.0, 0.0, 1.0, -1.0, 0.0, 0.0, 0.0, 1.0], [0.0, -1.0, 1.0, -1.0, -1.0, -1.0, 0.0, -1.0, 1.0, 1.0, 1.0, -1.0, -1.0, -1.0, -1.0, 0.0], [-1.0, 1.0, -1.0, 1.0, 1.0, -1.0, 1.0, -1.0, 1.0, 1.0, -1.0, 0.0, -1.0, -1.0, 1.0, 0.0]], [[1.0, -1.0, 1.0], [-1.0, -1.0, -1.0], [-1.0, 0.0, -1.0], [0.0, 1.0, -1.0], [-1.0, 0.0, 0.0], [-1.0, -1.0, 0.0], [0.0, 1.0, 1.0], [1.0, 0.0, -1.0], [-1.0, -1.0, 1.0], [-1.0, -1.0, -1.0], [0.0, 0.0, -1.0], [-1.0, 0.0, -1.0], [-1.0, 1.0, 0.0], [0.0, 0.0, -1.0], [-1.0, -1.0, -1.0], [0.0, -1.0, 1.0]]]
cp_biases=[[1.0, 0.0, 0.0, 0.0, 0.0, 1.0, 0.0, 1.0, 1.0, 0.0, 1.0, -1.0, 1.0, 0.0, 1.0, -1.0], [1.0, 1.0, 0.0, 0.0, -1.0, 1.0, -1.0, 0.0, 1.0, 1.0, -1.0, 0.0, -1.0, 0.0, -1.0, 1.0], [-1.0, 0.0, 0.0]]
total_time=0.016895476977030435
is_sat=True
train_performance=0.0
test_performance=0.0
weights=[[[-1.0, 1.0, -1.0, -1.0, -1.0, 1.0, -1.0, 1.0, -1.0, -1.0, -1.0, -1.0, -1.0, 1.0, 1.0, -1.0], [-1.0, 1.0, 1.0, -1.0, 1.0, 1.0, -1.0, 1.0, -1.0, -1.0, -1.0, -1.0, -1.0, 1.0, 1.0, -1.0], [-1.0, 1.0, -1.0, -1.0, -1.0, 1.0, -1.0, 1.0, -1.0, -1.0, -1.0, -1.0, -1.0, 1.0, 1.0, -1.0], [-1.0, 1.0, 1.0, -1.0, 0.0, 1.0, -1.0, 1.0, -1.0, -1.0, -1.0, -1.0, -1.0, 1.0, 1.0, -1.0], [-1.0, 1.0, -1.0, -1.0, -1.0, 1.0, -1.0, 1.0, -1.0, -1.0, -1.0, -1.0, -1.0, 1.0, 1.0, -1.0], [-1.0, 1.0, -1.0, -1.0, -1.0, 1.0, -1.0, 1.0, -1.0, -1.0, -1.0, -1.0, -1.0, 1.0, 1.0, -1.0], [-1.0, -1.0, 1.0, -1.0, 1.0, 1.0, 1.0, -1.0, 0.0, -1.0, 1.0, 1.0, -1.0, -1.0, 1.0, 1.0], [1.0, -1.0, 1.0, 1.0, 1.0, 1.0, 1.0, -1.0, 1.0, -1.0, 1.0, 1.0, -1.0, -1.0, 1.0, 1.0], [1.0, -1.0, 1.0, 1.0, 1.0, 1.0, 1.0, 1.0, 1.0, -1.0, 1.0, 1.0, -1.0, -1.0, 1.0, 1.0], [-1.0, -1.0, 1.0, 1.0, 1.0, 1.0, 1.0, -1.0, 1.0, -1.0, 1.0, 1.0, -1.0, -1.0, 1.0, 1.0], [1.0, 1.0, -1.0, 1.0, -1.0, 1.0, -1.0, 1.0, 1.0, -1.0, 1.0, 1.0, -1.0, -1.0, 1.0, 1.0], [-1.0, 1.0, 1.0, 1.0, 1.0, 1.0, -1.0, -1.0, 1.0, -1.0, 1.0, 1.0, -1.0, -1.0, 1.0, 1.0], [0.0, 1.0, -1.0, 1.0, 1.0, 1.0, 1.0, -1.0, 1.0, -1.0, 1.0, 1.0, -1.0, -1.0, 1.0, 1.0], [-1.0, 1.0, 1.0, 1.0, 1.0, 1.0, -1.0, -1.0, 1.0, -1.0, 1.0, 1.0, -1.0, -1.0, 1.0, 1.0], [-1.0, 1.0, 0.0, 1.0, -1.0, 1.0, -1.0, -1.0, 1.0, -1.0, 1.0, 1.0, -1.0, -1.0, 1.0, 1.0], [1.0, -1.0, 0.0, 1.0, 0.0, 1.0, -1.0, -1.0, 1.0, -1.0, 1.0, 1.0, -1.0, -1.0, 1.0, 1.0], [-1.0, 1.0, 1.0, 1.0, -1.0, 1.0, -1.0, -1.0, -1.0, -1.0, 1.0, 1.0, -1.0, -1.0, 1.0, 1.0], [1.0, 1.0, -1.0, 1.0, -1.0, 1.0, -1.0, -1.0, 1.0, -1.0, 1.0, 1.0, -1.0, -1.0, 1.0, 1.0], [1.0, 1.0, -1.0, 1.0, -1.0, 1.0, -1.0, -1.0, 1.0, -1.0, 1.0, 1.0, -1.0, -1.0, 1.0, 1.0], [-1.0, 1.0, -1.0, 1.0, -1.0, 1.0, 1.0, -1.0, -1.0, -1.0, 1.0, 1.0, -1.0, -1.0, 1.0, 1.0], [-1.0, 1.0, -1.0, 1.0, -1.0, 1.0, -1.0, -1.0, 1.0, -1.0, 1.0, 1.0, -1.0, -1.0, 1.0, 1.0], [0.0, 1.0, -1.0, 1.0, -1.0, 1.0, 1.0, -1.0, 1.0, -1.0, 1.0, 1.0, -1.0, -1.0, 1.0, 1.0], [1.0, -1.0, 1.0, -1.0, -1.0, 1.0, 1.0, 1.0, -1.0, -1.0, 1.0, 1.0, -1.0, -1.0, 1.0, 1.0], [1.0, -1.0, -1.0, -1.0, -1.0, 1.0, 1.0, 1.0, 1.0, -1.0, 1.0, 1.0, -1.0, -1.0, 1.0, 1.0], [-1.0, -1.0, 1.0, -1.0, -1.0, 1.0, 1.0, 1.0, -1.0, -1.0, 1.0, 1.0, -1.0, -1.0, 1.0, 1.0], [1.0, -1.0, -1.0, -1.0, -1.0, 1.0, 1.0, 1.0, -1.0, -1.0, 1.0, 1.0, -1.0, -1.0, 1.0, 1.0], [1.0, -1.0, -1.0, -1.0, -1.0, 1.0, 1.0, 1.0, 1.0, -1.0, 1.0, 1.0, -1.0, -1.0, 1.0, 1.0], [0.0, -1.0, -1.0, -1.0, -1.0, 1.0, 1.0, 1.0, 1.0, -1.0, 1.0, 1.0, -1.0, -1.0, 1.0, 1.0], [1.0, -1.0, -1.0, -1.0, -1.0, 1.0, 1.0, 1.0, -1.0, -1.0, 1.0, 1.0, -1.0, -1.0, 1.0, 1.0], [1.0, -1.0, -1.0, -1.0, -1.0, 1.0, 1.0, 1.0, 1.0, -1.0, 1.0, 1.0, -1.0, -1.0, 1.0, 1.0], [-0.0, -1.0, 1.0, -1.0, -1.0, 1.0, 1.0, 1.0, 1.0, -1.0, 1.0, 1.0, -1.0, -1.0, 1.0, 1.0], [1.0, -1.0, -1.0, -1.0, -1.0, 1.0, 1.0, 1.0, 1.0, -1.0, 1.0, 1.0, -1.0, -1.0, 1.0, 1.0], [1.0, -1.0, -1.0, -1.0, -1.0, 1.0, 1.0, 1.0, 1.0, -1.0, 1.0, 1.0, -1.0, -1.0, 1.0, 1.0], [1.0, -1.0, -1.0, -1.0, -1.0, 1.0, 1.0, 1.0, 1.0, -1.0, 1.0, 1.0, -1.0, -1.0, 1.0, 1.0], [-1.0, -1.0, -1.0, -1.0, -1.0, 1.0, 1.0, 1.0, 1.0, -1.0, 1.0, 1.0, -1.0, -1.0, 1.0, 1.0], [-1.0, -1.0, -1.0, -1.0, -1.0, 1.0, 1.0, 1.0, 1.0, -1.0, 1.0, 1.0, -1.0, -1.0, 1.0, 1.0], [-1.0, -1.0, -1.0, -1.0, -1.0, 1.0, 1.0, 1.0, 1.0, -1.0, 1.0, 1.0, -1.0, -1.0, 1.0, 1.0], [-1.0, -1.0, -1.0, -1.0, -1.0, 1.0, 1.0, 1.0, 1.0, -1.0, 1.0, 1.0, -1.0, -1.0, 1.0, 1.0], [-1.0, -1.0, -1.0, -1.0, -1.0, 1.0, 1.0, 1.0, 1.0, -1.0, 1.0, 1.0, -1.0, -1.0, 1.0, 1.0], [-1.0, -1.0, -1.0, -1.0, -1.0, 1.0, 1.0, 1.0, 1.0, -1.0, 1.0, 1.0, -1.0, -1.0, 1.0, 1.0], [0.0, 0.0, 0.0, 0.0, 0.0, 0.0, 0.0, 0.0, 0.0, 0.0, 0.0, 0.0, 0.0, 0.0, 0.0, 0.0], [0.0, 0.0, 0.0, 0.0, 0.0, 0.0, 0.0, 0.0, 0.0, 0.0, 0.0, 0.0, 0.0, 0.0, 0.0, 0.0], [0.0, 0.0, 0.0, 0.0, 0.0, 0.0, 0.0, 0.0, 0.0, 0.0, 0.0, 0.0, 0.0, 0.0, 0.0, 0.0], [0.0, 0.0, 0.0, 0.0, 0.0, 0.0, 0.0, 0.0, 0.0, 0.0, 0.0, 0.0, 0.0, 0.0, 0.0, 0.0], [0.0, 0.0, 0.0, 0.0, 0.0, 0.0, 0.0, 0.0, 0.0, 0.0, 0.0, 0.0, 0.0, 0.0, 0.0, 0.0], [0.0, 0.0, 0.0, 0.0, 0.0, 0.0, 0.0, 0.0, 0.0, 0.0, 0.0, 0.0, 0.0, 0.0, 0.0, 0.0], [0.0, 0.0, 0.0, 0.0, 0.0, 0.0, 0.0, 0.0, 0.0, 0.0, 0.0, 0.0, 0.0, 0.0, 0.0, 0.0], [0.0, 0.0, 0.0, 0.0, 0.0, 0.0, 0.0, 0.0, 0.0, 0.0, 0.0, 0.0, 0.0, 0.0, 0.0, 0.0], [0.0, 0.0, 0.0, 0.0, 0.0, 0.0, 0.0, 0.0, 0.0, 0.0, 0.0, 0.0, 0.0, 0.0, 0.0, 0.0], [0.0, 0.0, 0.0, 0.0, 0.0, 0.0, 0.0, 0.0, 0.0, 0.0, 0.0, 0.0, 0.0, 0.0, 0.0, 0.0]], [[1.0, 1.0, -1.0, 0.0, 0.0, 1.0, -1.0, 1.0, -1.0, 1.0, -1.0, 1.0, 1.0, 1.0, 1.0, 1.0], [-1.0, -1.0, 1.0, -1.0, 1.0, 1.0, 1.0, 1.0, 1.0, 1.0, 1.0, -1.0, -1.0, -1.0, -1.0, 1.0], [1.0, 1.0, 1.0, 1.0, 1.0, 1.0, 1.0, 1.0, -1.0, 1.0, -1.0, 1.0, 1.0, 1.0, 1.0, -1.0], [1.0, 0.0, 1.0, 1.0, 1.0, 1.0, 1.0, 1.0, -1.0, 1.0, 1.0, -1.0, 1.0, 1.0, 1.0, -1.0], [1.0, 1.0, -1.0, 1.0, 0.0, 1.0, 1.0, 1.0, -1.0, -1.0, -1.0, 1.0, 1.0, 1.0, 1.0, 0.0], [-1.0, -1.0, 1.0, 1.0, 1.0, 1.0, -1.0, -1.0, 1.0, 1.0, 1.0, 0.0, -1.0, -1.0, -1.0, -1.0], [1.0, 1.0, -1.0, 1.0, -1.0, -1.0, -1.0, -1.0, -1.0, -1.0, -1.0, 1.0, 1.0, 1.0, 1.0, -1.0], [-1.0, -1.0, -1.0, -1.0, -1.0, -1.0, -1.0, -1.0, 1.0, -1.0, -1.0, 1.0, -1.0, -1.0, -1.0, 0.0], [1.0, -1.0, 1.0, 1.0, 1.0, 1.0, 1.0, -1.0, -1.0, 1.0, 1.0, -1.0, 1.0, 1.0, 1.0, -1.0], [1.0, 1.0, -1.0, -1.0, 1.0, 1.0, 1.0, 1.0, -1.0, -1.0, 1.0, -1.0, 1.0, 1.0, 1.0, 1.0], [-1.0, -1.0, -1.0, 1.0, -1.0, -1.0, 1.0, 1.0, 1.0, -1.0, -1.0, 1.0, -1.0, -1.0, -1.0, -1.0], [-1.0, -1.0, -1.0, 1.0, -1.0, -1.0, 1.0, 1.0, 1.0, -1.0, -1.0, 1.0, -1.0, -1.0, -1.0, -1.0], [1.0, 1.0, -1.0, -1.0, -1.0, -1.0, 1.0, 1.0, -1.0, -1.0, -1.0, 1.0, 1.0, 1.0, 1.0, 1.0], [1.0, 0.0, 1.0, -1.0, -1.0, 1.0, -1.0, -1.0, -1.0, 1.0, 1.0, -1.0, 1.0, 0.0, 1.0, 1.0], [-1.0, -1.0, -1.0, 1.0, -1.0, 0.0, -1.0, -1.0, 1.0, 0.0, 0.0, 1.0, -1.0, -1.0, -1.0, -1.0], [-1.0, 1.0, -1.0, 1.0, 1.0, -1.0, 1.0, 1.0, 1.0, -1.0, -1.0, 1.0, -1.0, -1.0, -1.0, -1.0]], [[-1.0, -1.0, -1.0], [1.0, 1.0, 1.0], [-1.0, -1.0, -1.0], [-1.0, 1.0, 1.0], [-1.0, 1.0, -1.0], [-1.0, -1.0, -1.0], [-1.0, 1.0, -1.0], [-1.0, 1.0, -1.0], [-1.0, 1.0, -1.0], [-1.0, -1.0, -1.0], [-1.0, -1.0, 1.0], [1.0, 1.0, -1.0], [1.0, -1.0, -1.0], [-1.0, 1.0, -1.0], [-1.0, -1.0, -1.0], [1.0, -1.0, 1.0]]]
biases=[[-1.0, 1.0, -1.0, -1.0, -1.0, 1.0, -1.0, 1.0, -1.0, -1.0, -1.0, -1.0, -1.0, 1.0, 1.0, -1.0], [-1.0, -1.0, -1.0, 0.0, -1.0, -1.0, -1.0, -1.0, 1.0, 1.0, -1.0, 1.0, -1.0, -1.0, -1.0, -1.0], [0.0, 1.0, 1.0]]
