solver=mip_m
n_hidden_layers=2
examples_per_class=2
examples_skip=0
time_out=5
objective=3099867.9770030044
bound=3100139.018130907
gap=8.743634564866275e-05
is_optimal=True
num_nodes=1033.0
num_vars=1939
total_time=0.22107128699620565
is_sat=True
train_performance=0.33333334
test_performance=0.396
weights=[[[0.0, -1.0, 0.0, 0.0, 1.0, 0.0, 1.0, 0.0, 0.0, 0.0, 0.0, -1.0, 0.0, 1.0, 0.0, 0.0], [-1.0, -1.0, -1.0, -1.0, -1.0, -1.0, -1.0, -1.0, -1.0, -1.0, -1.0, -1.0, -1.0, -1.0, 1.0, -1.0], [1.0, 1.0, -1.0, -1.0, 0.0, 1.0, 1.0, 1.0, -1.0, -1.0, 1.0, 0.0, -1.0, -1.0, 1.0, -1.0], [-1.0, 1.0, 1.0, 1.0, 1.0, 1.0, 1.0, -1.0, 1.0, -1.0, 1.0, 1.0, 1.0, 1.0, -1.0, 1.0], [1.0, 1.0, 0.0, 0.0, -1.0, 1.0, -1.0, 1.0, 0.0, 1.0, 1.0, 1.0, 0.0, -1.0, 1.0, 0.0], [-1.0, -1.0, 1.0, 1.0, 0.0, -1.0, -1.0, -1.0, 1.0, 1.0, -1.0, 0.0, 1.0, 1.0, -1.0, 1.0], [1.0, -1.0, -1.0, -1.0, 0.0, -1.0, -1.0, -1.0, -1.0, 1.0, -1.0, 0.0, -1.0, 1.0, -1.0, 0.0], [1.0, -1.0, 1.0, 1.0, 1.0, 1.0, 1.0, 1.0, 1.0, 1.0, 1.0, -1.0, 0.0, 1.0, 1.0, 1.0], [1.0, -1.0, 1.0, 1.0, 1.0, 0.0, 1.0, 1.0, 1.0, 0.0, 1.0, 1.0, 1.0, 1.0, -1.0, 0.0], [-1.0, -1.0, -1.0, -1.0, -1.0, -1.0, 1.0, 1.0, -1.0, 1.0, -1.0, -1.0, 0.0, -1.0, -1.0, -1.0], [1.0, -1.0, -1.0, -1.0, -1.0, -1.0, 1.0, -1.0, 0.0, 0.0, 1.0, 0.0, -1.0, -1.0, -1.0, -1.0], [0.0, 1.0, 1.0, 1.0, 1.0, 1.0, -1.0, 0.0, 1.0, 1.0, 1.0, 1.0, 1.0, 1.0, 1.0, 1.0], [1.0, 1.0, -1.0, -1.0, -1.0, -1.0, 0.0, -1.0, -1.0, -1.0, -1.0, -1.0, -1.0, -1.0, 1.0, -1.0], [-1.0, 0.0, -1.0, -1.0, -1.0, -1.0, -1.0, -1.0, -1.0, 1.0, -1.0, -1.0, -1.0, -1.0, -1.0, -1.0], [-1.0, -1.0, -1.0, -1.0, -1.0, -1.0, 0.0, -1.0, -1.0, -1.0, -1.0, -1.0, -1.0, -1.0, 0.0, -1.0], [1.0, 1.0, 1.0, 1.0, 1.0, 1.0, 1.0, 1.0, 1.0, -1.0, 1.0, 1.0, 1.0, 1.0, 1.0, 1.0], [1.0, 1.0, -1.0, -1.0, -1.0, -1.0, -1.0, 1.0, -1.0, 1.0, 1.0, 1.0, -1.0, 1.0, 1.0, -1.0], [-1.0, 1.0, 1.0, 1.0, 1.0, 1.0, 0.0, 1.0, 1.0, -1.0, 0.0, 1.0, 1.0, 0.0, -1.0, 1.0], [1.0, 0.0, -1.0, -1.0, 0.0, 0.0, 0.0, -1.0, -1.0, 1.0, -1.0, 0.0, -1.0, 1.0, -1.0, -1.0], [0.0, -1.0, 0.0, 0.0, 0.0, -1.0, -1.0, 0.0, 0.0, 1.0, -1.0, -1.0, 1.0, 1.0, -1.0, 0.0], [0.0, -1.0, 1.0, 1.0, -1.0, -1.0, 0.0, 1.0, 1.0, 1.0, 0.0, 1.0, -1.0, 1.0, 1.0, 0.0], [-1.0, -1.0, 1.0, 1.0, 1.0, 0.0, 0.0, 1.0, 0.0, 1.0, -1.0, 1.0, 1.0, 1.0, -1.0, 1.0], [0.0, 0.0, -1.0, -1.0, -1.0, 1.0, -1.0, -1.0, -1.0, -1.0, 1.0, -1.0, 0.0, -1.0, 1.0, -1.0], [0.0, 1.0, 1.0, -1.0, 1.0, 0.0, 0.0, 1.0, 1.0, -1.0, 1.0, 0.0, -1.0, 1.0, 1.0, -1.0], [-1.0, 1.0, 1.0, 1.0, 1.0, 1.0, 1.0, 1.0, 1.0, 0.0, 1.0, 1.0, -1.0, 1.0, 1.0, 1.0], [1.0, -1.0, 1.0, 0.0, 1.0, -1.0, 1.0, -1.0, -1.0, 0.0, -1.0, -1.0, 0.0, -1.0, -1.0, -1.0], [1.0, -1.0, -1.0, -1.0, -1.0, -1.0, 0.0, -1.0, -1.0, 1.0, 1.0, -1.0, -1.0, 1.0, 1.0, 1.0], [-1.0, -1.0, 1.0, -1.0, -1.0, -1.0, 1.0, -1.0, -1.0, -1.0, -1.0, 0.0, 1.0, -1.0, -1.0, -1.0], [-1.0, -1.0, -1.0, 1.0, -1.0, -1.0, 1.0, 1.0, 0.0, -1.0, -1.0, -1.0, 1.0, -1.0, -1.0, -1.0], [0.0, 1.0, -1.0, 0.0, 1.0, 1.0, -1.0, -1.0, 0.0, 0.0, -1.0, -1.0, -1.0, -1.0, 1.0, 1.0], [-1.0, 1.0, -1.0, -1.0, -1.0, 0.0, 1.0, 1.0, 1.0, -1.0, -1.0, 1.0, -1.0, -1.0, -1.0, 1.0], [1.0, 1.0, 1.0, 1.0, 1.0, 1.0, -1.0, 1.0, 1.0, 1.0, 1.0, 1.0, 1.0, 1.0, 1.0, 1.0], [-0.0, -1.0, -1.0, 0.0, -1.0, 1.0, -1.0, -1.0, -1.0, 1.0, 1.0, 1.0, 0.0, 0.0, -1.0, -1.0], [1.0, 1.0, -1.0, -1.0, -1.0, -1.0, -1.0, 0.0, -1.0, 0.0, -1.0, -1.0, -1.0, -1.0, 1.0, -1.0], [-1.0, -1.0, 1.0, 1.0, 0.0, 1.0, -1.0, 1.0, -1.0, 1.0, 1.0, 1.0, -1.0, 1.0, -1.0, 0.0], [1.0, 0.0, 1.0, 1.0, 1.0, 1.0, -1.0, 1.0, 0.0, 0.0, 1.0, -1.0, 0.0, 1.0, 1.0, 1.0], [1.0, 1.0, 1.0, 1.0, 0.0, 1.0, -1.0, 1.0, 1.0, -1.0, 1.0, 0.0, 0.0, 1.0, 1.0, 1.0], [1.0, 1.0, -1.0, 1.0, -1.0, -1.0, 1.0, 1.0, 0.0, 1.0, -1.0, 1.0, 1.0, 1.0, -1.0, 1.0], [1.0, -1.0, 1.0, 1.0, 1.0, 1.0, 0.0, -1.0, 1.0, 1.0, 1.0, 1.0, 1.0, 1.0, -1.0, 1.0], [1.0, 1.0, -1.0, 1.0, 1.0, 1.0, 1.0, -1.0, 1.0, 1.0, 1.0, 1.0, 1.0, -1.0, 1.0, 0.0], [0.0, 0.0, 0.0, 0.0, 0.0, 0.0, 0.0, 0.0, 0.0, 0.0, 0.0, 0.0, 0.0, 0.0, 0.0, 0.0], [0.0, 0.0, 0.0, 0.0, 0.0, 0.0, 0.0, 0.0, 0.0, 0.0, 0.0, 0.0, 0.0, 0.0, 0.0, 0.0], [0.0, 0.0, 0.0, 0.0, 0.0, 0.0, 0.0, 0.0, 0.0, 0.0, 0.0, 0.0, 0.0, 0.0, 0.0, 0.0], [0.0, 0.0, 0.0, 0.0, 0.0, 0.0, 0.0, 0.0, 0.0, 0.0, 0.0, 0.0, 0.0, 0.0, 0.0, 0.0], [0.0, 0.0, 0.0, 0.0, 0.0, 0.0, 0.0, 0.0, 0.0, 0.0, 0.0, 0.0, 0.0, 0.0, 0.0, 0.0], [0.0, 0.0, 0.0, 0.0, 0.0, 0.0, 0.0, 0.0, 0.0, 0.0, 0.0, 0.0, 0.0, 0.0, 0.0, 0.0], [0.0, 0.0, 0.0, 0.0, 0.0, 0.0, 0.0, 0.0, 0.0, 0.0, 0.0, 0.0, 0.0, 0.0, 0.0, 0.0], [0.0, 0.0, 0.0, 0.0, 0.0, 0.0, 0.0, 0.0, 0.0, 0.0, 0.0, 0.0, 0.0, 0.0, 0.0, 0.0], [0.0, 0.0, 0.0, 0.0, 0.0, 0.0, 0.0, 0.0, 0.0, 0.0, 0.0, 0.0, 0.0, 0.0, 0.0, 0.0], [0.0, 0.0, 0.0, 0.0, 0.0, 0.0, 0.0, 0.0, 0.0, 0.0, 0.0, 0.0, 0.0, 0.0, 0.0, 0.0]], [[1.0, 0.0, -1.0, 1.0, 1.0, -1.0, 1.0, -1.0, -1.0, -1.0, 1.0, -1.0, -1.0, 1.0, 1.0, -1.0], [0.0, 1.0, -1.0, 1.0, -1.0, -1.0, -1.0, 1.0, -1.0, -1.0, 1.0, -1.0, -1.0, -1.0, -1.0, 1.0], [1.0, 1.0, -1.0, 1.0, 1.0, -1.0, 0.0, 1.0, -1.0, -1.0, 1.0, 1.0, 1.0, -1.0, 1.0, -1.0], [-1.0, -1.0, -1.0, 1.0, -1.0, -1.0, 1.0, 1.0, 1.0, 1.0, -1.0, 1.0, -1.0, 1.0, -1.0, -1.0], [-1.0, -1.0, 1.0, 1.0, -1.0, -1.0, -1.0, -1.0, 1.0, 1.0, 1.0, 1.0, 1.0, -1.0, -1.0, -1.0], [1.0, 1.0, 1.0, 0.0, -1.0, -1.0, 1.0, -1.0, 1.0, 1.0, -1.0, 1.0, -1.0, -1.0, -1.0, -1.0], [-1.0, -1.0, 1.0, -1.0, -1.0, -1.0, 1.0, -1.0, 1.0, -1.0, -1.0, 1.0, 1.0, 1.0, 1.0, 1.0], [1.0, -1.0, -1.0, -1.0, 1.0, -1.0, -1.0, 1.0, 1.0, 0.0, 1.0, 1.0, -1.0, 1.0, 0.0, 1.0], [-1.0, -1.0, 1.0, -1.0, -1.0, -1.0, 1.0, 1.0, 1.0, -1.0, -1.0, 1.0, 1.0, 1.0, -1.0, -1.0], [-1.0, -1.0, 0.0, -1.0, 0.0, -1.0, -1.0, 0.0, -1.0, 1.0, 1.0, 0.0, 1.0, -1.0, -1.0, -1.0], [1.0, -1.0, 1.0, -1.0, 1.0, -1.0, -1.0, 1.0, -1.0, 1.0, 1.0, -1.0, -1.0, 1.0, 1.0, 1.0], [1.0, 1.0, 1.0, 1.0, 1.0, -1.0, 1.0, -1.0, 1.0, -1.0, 1.0, -1.0, 1.0, 1.0, 1.0, 1.0], [-1.0, 1.0, 1.0, 1.0, 1.0, -1.0, -1.0, -1.0, 0.0, 1.0, -1.0, 1.0, 1.0, -1.0, 1.0, 1.0], [1.0, 1.0, 1.0, 1.0, -1.0, -1.0, 1.0, -1.0, 1.0, -1.0, -1.0, -1.0, -1.0, -1.0, -1.0, 1.0], [1.0, 1.0, -1.0, -1.0, 1.0, -1.0, -1.0, 1.0, -1.0, 1.0, -1.0, -1.0, 1.0, -1.0, 1.0, 1.0], [-1.0, 1.0, -1.0, -1.0, 1.0, -1.0, 1.0, 1.0, -1.0, -1.0, -1.0, -1.0, -1.0, 0.0, 1.0, -1.0]], [[0.0, -1.0, 0.0], [-1.0, -1.0, -1.0], [0.0, 0.0, 0.0], [0.0, -1.0, 0.0], [-1.0, -1.0, -1.0], [1.0, 1.0, 1.0], [0.0, 1.0, 0.0], [0.0, -1.0, 0.0], [1.0, 1.0, 1.0], [-1.0, -1.0, -1.0], [-1.0, -1.0, -1.0], [1.0, 1.0, 1.0], [1.0, 1.0, 1.0], [1.0, 1.0, 1.0], [1.0, 1.0, 1.0], [-1.0, 1.0, -1.0]]]
biases=[[1.0, -1.0, 1.0, 1.0, -1.0, -1.0, 1.0, 1.0, -1.0, 1.0, -1.0, 1.0, 1.0, -1.0, -1.0, -1.0], [1.0, 1.0, 1.0, 1.0, 1.0, 1.0, 1.0, 1.0, 1.0, -1.0, 0.0, 1.0, 0.0, -1.0, 1.0, 0.0], [-1.0, -1.0, -1.0]]
