solver=gd_t
n_hidden_layers=0
examples_per_class=3
examples_skip=0
time_out=5
lr=0.001
tf_seed=1
train_performance=0.0
test_performance=0.0
total_time=0.17042415936787922
is_sat=False
weights=[[[0.0, 0.0, 0.0], [0.0, 0.0, 0.0], [0.0, 0.0, 0.0], [0.0, 0.0, 0.0], [0.0, 0.0, -0.5], [0.5, -0.5, 0.0], [0.0, 0.0, 0.0], [0.0, 0.0, 0.0], [0.0, -0.5, 0.0], [0.0, 0.0, 0.0], [0.0, 0.0, 0.0], [0.0, 0.0, 0.0], [0.0, 0.5, 0.0], [0.0, 0.0, 0.0], [-0.5, 0.5, 0.0], [0.0, 0.0, 0.0], [0.5, 0.0, 0.0], [0.0, 0.0, 0.0], [0.0, -0.5, 0.5], [0.0, 0.0, 0.0], [0.0, 0.0, 0.4999999403953552], [-0.5, 0.5, 0.0], [0.0, 0.0, 0.0], [0.0, 0.0, 0.0], [0.0, 0.0, 0.0], [0.0, 0.0, 0.0], [-1.0, 0.0, 0.0], [0.0, 0.0, 0.0], [0.0, -0.5000000596046448, 0.0], [0.5, 0.0, 0.0], [0.0, 0.0, 0.0], [0.0, -0.5, 0.0], [0.0, 0.0, 0.0], [0.0, 0.0, 0.0], [0.0, 0.0, 0.0], [0.0, 0.0, 0.0], [-0.5, 0.0, 0.0], [0.0, 0.0, 0.0], [0.0, 0.0, 0.0], [0.0, 0.0, 0.5], [0.0, 0.0, 0.0], [0.0, 0.0, 0.0], [0.0, 0.0, 0.0], [0.0, 0.0, 0.0], [0.0, 0.0, 0.0], [0.0, 0.0, 0.0], [0.0, 0.0, 0.0], [0.0, 0.0, 0.0], [0.0, 0.0, 0.0], [0.0, 0.0, 0.0]]]
biases=[[0.0, 0.0, 0.0]]
