solver=gd_t
n_hidden_layers=0
examples_per_class=3
examples_skip=0
time_out=5
lr=0.001
tf_seed=0
train_performance=1.0
test_performance=0.307
total_time=0.008922338485717773
is_sat=True
weights=[[[0.0, 0.0, 0.0], [0.0, 0.0, 0.0], [0.0, 0.0, 0.0], [0.0, -0.5, 0.0], [0.0, 0.0, -0.5], [0.5, 0.0, 0.0], [0.0, 0.0, 0.0], [0.0, 0.0, 0.0], [0.0, 0.0, 0.0], [0.0, 0.0, 0.0], [-0.5, 0.0, 0.0], [0.0, 0.0, 0.0], [-0.4999999701976776, 0.5, 0.0], [0.0, 0.0, 0.0], [0.0, 0.0, 0.0], [0.0, 0.0, 0.0], [0.5, 0.0, 0.0], [0.0, 0.0, 0.0], [0.0, 0.0, 0.0], [0.0, 0.0, 0.0], [0.0, 0.0, 0.5], [0.0, 0.5, 0.0], [0.0, 0.0, 0.0], [-0.4999999403953552, 0.0, 0.0], [-3.725290298461914e-09, 0.0, 0.0], [0.0, -0.5, 0.0], [0.0, 0.0, 0.0], [0.0, 0.0, 0.0], [0.0, -0.4999999701976776, 0.0], [0.0, 0.0, 0.0], [0.0, 0.0, 0.0], [0.0, 0.0, 0.0], [0.0, 0.0, 0.0], [0.0, 0.0, 0.5], [0.0, 0.0, 0.0], [0.0, 0.0, 0.0], [0.0, 0.0, 0.0], [0.0, 0.0, 0.0], [0.0, 0.0, 0.0], [0.0, 0.0, 0.0], [0.0, 0.0, 0.0], [0.0, 0.0, 0.0], [0.0, 0.0, 0.0], [0.0, 0.0, 0.0], [0.0, 0.0, 0.0], [0.0, 0.0, 0.0], [0.0, 0.0, 0.0], [0.0, 0.0, 0.0], [0.0, 0.0, 0.0], [0.0, 0.0, 0.0]]]
biases=[[0.0, 0.0, 0.0]]
