solver=gd_t
n_hidden_layers=1
examples_per_class=3
examples_skip=0
time_out=5
lr=0.001
tf_seed=0
train_performance=1.0
test_performance=0.357
total_time=0.039733954270680744
is_sat=True
weights=[[[1.0, 0.0, 3.725290298461914e-09, 0.0, -1.0, -0.5, 1.0, 0.0, 0.0, 0.0, -3.725290298461914e-09, 3.725290298461914e-09, 0.0, 0.0, 0.0, 1.0], [0.0, 0.0, -2.7939677238464355e-09, 0.0, -3.725290298461914e-09, 0.0, 0.0, 1.862645149230957e-09, 0.0, -1.3969838619232178e-09, 0.0, 0.0, 0.0, 0.0, -7.450580596923828e-09, 0.0], [0.5, 0.0, 0.0, 1.862645149230957e-09, -0.5, 0.0, 0.0, 0.0, 0.0, -3.725290298461914e-09, 0.0, 0.0, 0.0, 0.0, 0.0, 1.0], [0.9999999403953552, 0.0, 0.0, 0.0, 0.0, 1.862645149230957e-09, 0.0, 0.0, 0.0, 0.0, 3.725290298461914e-09, 0.0, 0.0, 0.0, -1.862645149230957e-09, 1.0], [-1.0, 0.0, 0.0, 0.0, 0.0, 0.0, 0.0, 1.862645149230957e-09, 3.725290298461914e-09, 3.725290298461914e-09, 0.0, 0.0, -1.862645149230957e-09, 0.0, 5.820766091346741e-10, 0.0], [0.0, 0.0, 0.0, 0.0, 0.0, 0.5, 0.0, 0.0, 0.0, 0.0, 0.0, 0.0, 0.0, 0.5, 0.0, 1.0], [0.5, 0.0, -1.6298145055770874e-09, 0.0, 0.0, 3.725290298461914e-09, 0.0, 0.0, 0.0, -7.450580596923828e-09, 0.0, 0.0, 0.0, 0.0, 1.862645149230957e-09, 0.0], [1.0, 0.0, 0.0, 1.862645149230957e-09, 0.0, 0.0, 1.0, 0.0, 0.0, 5.384208634495735e-10, 0.0, 0.0, 0.0, 0.0, 0.0, 1.0], [0.0, 0.0, 0.0, -3.725290298461914e-09, 0.0, 0.0, 0.0, -3.725290298461914e-09, 0.0, 0.0, 0.0, 0.0, 3.725290298461914e-09, 0.0, 9.313225746154785e-10, 1.0], [0.0, 0.0, 0.0, -9.313225746154785e-10, 0.0, 0.0, 0.0, -7.450580596923828e-09, 0.0, 0.0, 0.0, -1.862645149230957e-09, 0.0, 0.0, 0.0, 0.0], [-0.5, 0.0, 0.0, 3.725290298461914e-09, 0.0, 0.0, 0.0, 0.0, -3.725290298461914e-09, 0.0, 0.0, 0.0, 0.0, 0.0, 0.0, 0.0], [1.0, 0.0, -9.313225746154785e-10, 0.0, -1.862645149230957e-09, 0.0, 0.0, -9.313225746154785e-10, 0.0, 0.0, -1.862645149230957e-09, 0.0, 0.0, 0.0, 0.0, 1.0], [-1.0, 0.0, 0.0, -1.862645149230957e-09, 1.0, 1.0, -1.0, 0.0, 0.0, 0.0, -0.5, -1.862645149230957e-09, 0.0, -1.862645149230957e-09, 3.725290298461914e-09, -0.9999999403953552], [0.0, 0.0, 7.130438461899757e-10, 0.0, 0.0, 0.4999999701976776, 2.3283064365386963e-09, 0.0, 0.0, 0.0, 0.0, 4.656612873077393e-10, 3.725290298461914e-09, 0.5, 0.0, 0.0], [-1.0, 0.0, 0.0, 1.862645149230957e-09, 1.0, 1.0, -0.5, -1.1641532182693481e-09, 0.0, 3.725290298461914e-09, 0.0, 0.0, 0.0, 0.0, 0.0, -1.0], [7.450580596923828e-09, 0.0, 0.0, 8.149072527885437e-10, -4.656612873077393e-10, 0.0, -1.2223608791828156e-09, 0.0, -9.313225746154785e-10, 0.0, 0.0, 0.0, -1.862645149230957e-09, 0.0, 0.0, -9.313225746154785e-10], [1.0, 0.0, 0.0, 0.0, -1.0, -9.313225746154785e-10, 0.5, 0.0, 0.0, -1.862645149230957e-09, 0.0, 0.0, 0.0, 0.0, 0.0, 1.0], [-1.0, 0.0, 0.0, 0.0, 0.5, 0.0, 0.0, 3.725290298461914e-09, 0.0, 0.0, 0.0, -2.7939677238464355e-09, 0.0, 0.0, 1.8189894035458565e-11, -1.0], [0.0, 1.862645149230957e-09, -1.862645149230957e-09, 0.0, -1.862645149230957e-09, -0.4999999701976776, 0.0, 0.0, 3.725290298461914e-09, 0.0, 0.0, -7.450580596923828e-09, 0.0, 0.0, -3.725290298461914e-09, -1.0], [0.5, 0.0, 0.0, -7.450580596923828e-09, -0.5, 0.0, 0.0, -3.725290298461914e-09, 0.0, 0.0, 0.0, -1.862645149230957e-09, 0.0, 0.0, -1.3969838619232178e-09, 1.0], [0.0, 0.0, 0.0, 4.656612873077393e-10, 0.0, -1.0, -0.5, -3.725290298461914e-09, 0.0, 0.0, 0.0, 3.725290298461914e-09, 0.0, 0.0, -1.3969838619232178e-09, -1.0], [-1.0, 0.0, 0.0, 0.0, 0.5, -1.862645149230957e-09, -1.0, 0.0, 0.0, -6.984919309616089e-10, 0.0, 0.0, 0.0, 0.0, 0.0, -0.9999999403953552], [0.0, -7.450580596923828e-09, -4.656612873077393e-10, 0.0, 0.0, 0.0, 0.0, 0.0, -7.450580596923828e-09, 0.0, 3.725290298461914e-09, 0.0, 4.656612873077393e-10, 0.0, -3.725290298461914e-09, 0.0], [-0.4999999701976776, 0.0, 0.0, -1.862645149230957e-09, 0.4999999403953552, -1.0, -1.0, 0.0, 0.0, -7.450580596923828e-09, 0.0, 0.0, 7.450580596923828e-09, 0.0, 0.0, -0.9999999403953552], [0.5, 0.0, 0.0, 0.0, 0.0, 0.0, 0.0, 0.0, 0.0, -3.725290298461914e-09, 0.0, 0.0, 0.0, 0.0, 0.0, 1.0], [0.5, 0.0, -9.313225746154785e-10, 0.0, 0.0, 0.0, 0.0, 0.0, 0.0, 0.0, 0.0, 0.0, 0.0, 3.725290298461914e-09, 3.725290298461914e-09, 1.0], [0.0, -3.725290298461914e-09, 0.0, 4.656612873077393e-10, 0.0, -1.0, 0.0, -1.862645149230957e-09, 0.0, -9.313225746154785e-10, 0.0, -4.656612873077393e-10, 0.0, 0.0, 0.0, -1.0], [1.0, 4.656612873077393e-10, 0.0, 0.0, -1.0, 0.0, 0.5, 0.0, 0.0, 3.725290298461914e-09, 0.0, 0.0, 0.0, 4.656612873077393e-10, 0.0, 1.0], [0.5, 0.0, 0.0, -1.862645149230957e-09, 0.0, 0.0, 0.0, 0.0, 0.0, 0.0, 0.0, -7.450580596923828e-09, 0.0, 0.0, -9.313225746154785e-10, 1.0], [1.0, 0.0, 0.0, -3.725290298461914e-09, 0.0, -1.862645149230957e-09, 0.0, 0.0, 0.0, -4.656612873077393e-10, 0.0, 0.0, 0.0, 0.0, -3.725290298461914e-09, 1.0], [1.0, 9.313225746154785e-10, 0.0, 0.0, 0.0, -0.4999999701976776, 0.0, 0.0, 9.313225746154785e-10, 0.0, -1.862645149230957e-09, 1.862645149230957e-09, 0.0, -9.313225746154785e-10, 0.0, 1.0], [1.0, 3.725290298461914e-09, 0.0, 0.0, 0.0, -1.0, 0.0, -1.862645149230957e-09, 0.0, 1.862645149230957e-09, 0.0, 9.313225746154785e-10, 0.0, 0.0, 7.450580596923828e-09, -0.5], [0.0, 0.0, 3.725290298461914e-09, 0.0, -3.725290298461914e-09, -1.0, 0.0, 0.0, 0.0, 0.0, 0.0, -1.862645149230957e-09, 0.0, 0.0, 0.0, -1.0], [0.0, -3.725290298461914e-09, 0.0, 0.0, 0.5, -1.0, -1.0, 0.0, 0.0, 0.0, 0.0, -9.313225746154785e-10, 0.0, 0.0, 3.725290298461914e-09, -1.0], [0.0, 0.0, 4.0745362639427185e-10, -2.3283064365386963e-09, 0.0, -1.0, 0.0, 4.656612873077393e-10, 0.0, -4.656612873077393e-10, 0.0, 0.0, 4.656612873077393e-10, 0.0, -3.725290298461914e-09, -0.5], [0.0, -1.862645149230957e-09, 4.94765117764473e-10, 0.0, 0.0, -1.0, 0.0, 0.0, 0.0, 0.0, -3.725290298461914e-09, 6.984919309616089e-10, 0.0, 4.656612873077393e-10, 0.0, 0.0], [0.5, -9.313225746154785e-10, 0.0, 0.0, 0.0, -1.0, -1.862645149230957e-09, 3.725290298461914e-09, 0.0, 0.0, 0.0, 0.0, 0.0, 0.0, -3.725290298461914e-09, -0.5], [0.0, 1.862645149230957e-09, -3.725290298461914e-09, -3.725290298461914e-09, 0.0, -1.0, 0.0, 1.862645149230957e-09, -7.450580596923828e-09, 3.725290298461914e-09, 0.0, 0.0, 0.0, -1.862645149230957e-09, 7.450580596923828e-09, 0.0], [0.0, 0.0, -7.450580596923828e-09, -3.725290298461914e-09, 0.0, -1.0, 0.0, 0.0, -3.725290298461914e-09, -3.725290298461914e-09, 0.0, 0.0, 0.0, 0.0, 0.0, -1.0], [0.0, 0.0, -9.313225746154785e-10, 4.656612873077393e-10, 0.0, -0.9999999403953552, 1.862645149230957e-09, 0.0, 0.0, -9.313225746154785e-10, 0.0, -1.3533281162381172e-09, 0.0, 0.0, -1.862645149230957e-09, -0.5], [0.0, 0.0, 0.0, 0.0, 0.0, 0.0, 0.0, 0.0, 0.0, 0.0, 0.0, 0.0, 0.0, 0.0, 0.0, 0.0], [0.0, 0.0, 0.0, 0.0, 0.0, 0.0, 0.0, 0.0, 0.0, 0.0, 0.0, 0.0, 0.0, 0.0, 0.0, 0.0], [0.0, 0.0, 0.0, 0.0, 0.0, 0.0, 0.0, 0.0, 0.0, 0.0, 0.0, 0.0, 0.0, 0.0, 0.0, 0.0], [0.0, 0.0, 0.0, 0.0, 0.0, 0.0, 0.0, 0.0, 0.0, 0.0, 0.0, 0.0, 0.0, 0.0, 0.0, 0.0], [0.0, 0.0, 0.0, 0.0, 0.0, 0.0, 0.0, 0.0, 0.0, 0.0, 0.0, 0.0, 0.0, 0.0, 0.0, 0.0], [0.0, 0.0, 0.0, 0.0, 0.0, 0.0, 0.0, 0.0, 0.0, 0.0, 0.0, 0.0, 0.0, 0.0, 0.0, 0.0], [0.0, 0.0, 0.0, 0.0, 0.0, 0.0, 0.0, 0.0, 0.0, 0.0, 0.0, 0.0, 0.0, 0.0, 0.0, 0.0], [0.0, 0.0, 0.0, 0.0, 0.0, 0.0, 0.0, 0.0, 0.0, 0.0, 0.0, 0.0, 0.0, 0.0, 0.0, 0.0], [0.0, 0.0, 0.0, 0.0, 0.0, 0.0, 0.0, 0.0, 0.0, 0.0, 0.0, 0.0, 0.0, 0.0, 0.0, 0.0], [0.0, 0.0, 0.0, 0.0, 0.0, 0.0, 0.0, 0.0, 0.0, 0.0, 0.0, 0.0, 0.0, 0.0, 0.0, 0.0]], [[0.0, -1.0, 0.0], [0.0, 0.0, 9.313225746154785e-10], [9.313225746154785e-10, 0.0, 0.0], [0.0, 0.0, 0.0], [-1.0, 0.5, 0.0], [0.0, 0.5, -1.0], [0.5, 0.0, 0.0], [0.0, 0.0, 0.0], [0.0, 0.0, 0.0], [0.0, 0.0, 0.0], [3.725290298461914e-09, 0.0, -1.862645149230957e-09], [0.0, 0.0, 0.0], [-1.3969838619232178e-09, 0.0, 0.0], [0.0, -7.450580596923828e-09, 0.0], [0.0, 0.0, 0.0], [0.5, 0.0, 0.0]]]
biases=[[0.0, 0.0, 0.0, 0.0, 0.0, 0.0, 0.0, 0.0, 0.0, 0.0, 0.0, 0.0, 0.0, 0.0, 0.0, 0.0], [-1.0, 0.0, 0.0]]
