solver=gd_t
n_hidden_layers=1
examples_per_class=3
examples_skip=0
time_out=5
lr=0.001
tf_seed=1
train_performance=0.0
test_performance=0.0
total_time=0.0561190923055013
is_sat=False
weights=[[[0.0, 0.0, 0.0, 0.0, -1.0, 0.0, 0.0, 0.0, 3.725290298461914e-09, 1.0, 0.0, -1.0, 1.0, 1.0, 1.862645149230957e-09, 0.0], [0.0, 0.0, 0.0, 0.0, 0.5, 0.0, 0.0, 0.0, 0.0, 0.0, 0.0, 0.0, 0.0, 0.0, -4.656612873077393e-10, 0.0], [0.0, 0.0, 0.0, 0.0, 0.0, 0.0, 0.0, 0.0, 0.0, 1.0, 0.0, -0.9999999403953552, 0.5, 1.0, 3.725290298461914e-09, 0.0], [0.0, 0.0, 0.0, 0.0, 0.0, 0.0, 0.0, -0.5, 0.0, 1.0, 0.0, 0.0, 0.0, 0.5, 0.0, 0.0], [0.0, 0.0, 0.0, 0.0, 1.0, 0.0, 0.0, 0.0, 0.0, -1.0, 0.0, 0.0, -1.0, 0.0, 0.0, 0.0], [0.0, 0.0, 0.0, 0.0, 1.0, 3.725290298461914e-09, 0.0, 0.0, 0.0, 0.0, 0.0, -1.0, -0.5, 0.0, 0.0, 0.0], [0.0, 0.0, 0.0, 0.0, 0.0, 0.0, 0.0, 0.0, 0.0, 1.0, 0.0, 0.0, 0.0, 0.0, -1.1641532182693481e-10, 1.3969838619232178e-09], [0.0, 0.0, 0.0, 0.0, 0.0, 0.0, 0.0, 0.0, 0.0, 1.0, 0.0, -1.0, 0.0, 1.0, 0.0, 1.3969838619232178e-09], [0.0, 0.0, 0.0, -2.7939677238464355e-09, -3.725290298461914e-09, 0.0, 0.0, 0.0, 0.0, 1.0, 0.0, 0.0, 0.0, 0.0, 1.862645149230957e-09, 0.0], [0.0, 0.0, 0.0, 3.725290298461914e-09, 0.0, -1.862645149230957e-09, 0.0, 1.3969838619232178e-09, 0.0, 1.57160684466362e-09, 0.0, 0.0, 0.0, -1.862645149230957e-09, 0.0, 4.656612873077393e-10], [-1.862645149230957e-09, -1.862645149230957e-09, 0.0, 0.0, 0.0, 0.0, -4.656612873077393e-10, 0.0, 0.0, 0.5, 0.0, -1.862645149230957e-09, 0.0, 0.0, 0.0, -9.313225746154785e-10], [0.0, 0.0, 0.0, 0.0, 0.0, -3.725290298461914e-09, 0.0, 0.0, 0.0, 1.0, 0.0, 0.0, 0.5, 0.5, 0.0, 0.0], [0.0, 0.0, 0.0, 0.0, 1.0, 0.0, 0.0, 0.0, 0.0, -1.0, -0.5, 1.0, -1.0, -1.0, 0.0, -3.725290298461914e-09], [0.0, 0.0, 0.0, -9.313225746154785e-10, 1.0, 0.0, 9.313225746154785e-10, 0.0, -1.862645149230957e-09, 0.0, 0.0, 0.0, -0.5, 0.0, -3.725290298461914e-09, 0.0], [0.0, 0.0, 0.0, -0.5000000596046448, 1.0, 0.0, -0.5, 0.0, 0.0, -1.0, -1.0, 1.0, -1.0, -1.0, 0.0, 0.0], [0.0, -4.656612873077393e-10, 0.0, 0.0, 1.0, 0.0, -9.313225746154785e-10, 0.0, 0.0, 0.0, 0.0, 1.862645149230957e-09, 0.0, 0.0, 2.3283064365386963e-10, 0.0], [0.0, 0.0, 0.0, 0.0, -1.0, 0.0, 0.0, 0.0, -0.4999999701976776, 1.0, 0.0, -1.0, 1.0, 1.0, 0.0, 0.0], [0.0, 0.0, 0.0, 0.0, 0.0, 0.0, 0.0, 0.0, 0.0, -1.0, 0.0, 1.0, -1.0, 0.0, 0.0, 0.0], [0.0, 0.0, -1.862645149230957e-09, 0.0, 0.0, 0.0, 0.0, -9.313225746154785e-10, 0.0, -1.0, 0.0, 1.0, 0.0, 0.0, 0.0, -2.7939677238464355e-09], [0.0, 0.0, 0.5, 0.0, 0.0, 0.0, 0.0, 0.0, 0.0, 1.0, 0.0, -1.0, 0.0, 1.0, 0.0, 0.0], [-2.7939677238464355e-09, 0.0, 0.0, 0.0, -3.725290298461914e-09, 0.0, 0.0, 0.0, -3.725290298461914e-09, -1.0, 0.0, 1.0, 0.0, -1.0, 0.0, 0.0], [0.0, 0.0, 0.0, 0.0, 1.0, 0.0, 0.0, 0.0, 0.0, -1.0, -0.4999999403953552, 1.0, -1.0, -1.0, -9.313225746154785e-10, 0.0], [0.0, 0.0, 0.0, -1.862645149230957e-09, 1.0, 0.0, 0.0, 0.0, 0.0, -0.5, 0.0, 0.0, -1.0, 0.0, -9.313225746154785e-10, 0.0], [1.862645149230957e-09, 0.0, -1.862645149230957e-09, 0.0, 1.0, 0.0, 0.0, 0.0, 0.0, -1.0, 0.0, 0.9999999403953552, -0.9999999403953552, -1.0, 0.0, 0.0], [0.0, 0.0, 0.0, 0.0, -0.5, 0.0, 0.0, 0.0, 0.0, 1.0, 0.0, -1.0, 1.0, 0.0, 0.0, 0.0], [0.0, 0.0, 0.0, -3.725290298461914e-09, -0.5, 0.0, 0.0, 0.0, 0.0, 1.0, 3.259629011154175e-09, -1.0, 0.5, 0.0, 0.0, 0.0], [0.0, 0.0, 0.0, 0.0, -1.0, 0.0, 0.0, 0.0, 0.0, -1.0, 0.0, 1.0, 1.0, 7.450580596923828e-09, -1.862645149230957e-09, 0.0], [0.0, 0.0, 0.0, 0.0, 0.0, 0.0, 0.0, -0.5, 0.0, 0.9999999403953552, 1.862645149230957e-09, -0.9999999403953552, 1.0, 0.0, 0.0, 0.0], [0.0, 0.0, -1.862645149230957e-09, 0.0, -1.0, -1.0477378964424133e-09, 0.0, 0.0, 0.0, 1.0, 0.0, -0.5, 0.5, 0.0, 0.0, 0.0], [0.0, 0.0, 0.0, 0.0, 0.0, 0.0, 0.0, 0.0, 0.0, 1.0, 0.0, -0.9999999403953552, 0.5, 0.4999999701976776, 0.0, -1.862645149230957e-09], [0.0, 0.0, 0.0, 0.0, -1.0, 0.0, 0.0, 0.0, 0.0, 0.5, 3.725290298461914e-09, -0.5, 0.5, 0.0, 0.0, 0.0], [0.0, 0.0, 0.0, 0.0, -1.0, 4.656612873077393e-10, 0.0, 0.0, 0.0, 0.0, 0.0, 1.0, 1.0, -1.862645149230957e-09, 2.7939677238464355e-09, 0.0], [0.0, 0.0, 0.0, 0.0, -1.0, 0.0, 0.0, 0.0, 0.0, 0.0, 0.0, 0.5, 1.0, 0.0, 0.0, -1.862645149230957e-09], [0.0, 0.0, 0.0, 0.0, -1.0, 0.0, 0.0, 0.0, 0.0, -1.0, 0.0, 1.0, 1.0, -7.450580596923828e-09, 0.0, 0.0], [0.0, 0.0, 0.0, -3.245077095925808e-09, -0.5, 7.450580596923828e-09, 0.0, 0.0, 0.0, 0.0, 0.0, 1.0, 1.0, 0.0, -4.656612873077393e-10, 0.0], [9.313225746154785e-10, 0.0, 0.0, 0.0, -1.0, 0.0, 0.0, 0.0, 0.0, 0.0, 0.0, 1.0, 1.0, 0.0, 0.0, 0.0], [0.0, 0.0, 0.0, 0.0, -1.0, 3.725290298461914e-09, 0.0, 0.0, 0.0, 0.0, 0.0, 1.0, 1.0, 0.0, 0.0, 0.0], [0.0, 0.0, 0.0, 0.0, -0.4999999701976776, 0.0, 0.0, 0.0, 0.0, 0.0, 0.0, 1.0, 0.5, -1.862645149230957e-09, 0.0, 0.0], [0.0, 0.0, 0.0, -2.7939677238464355e-09, -1.0, 0.0, 0.0, 0.0, 0.0, 0.0, 0.0, 1.0, 1.0, 0.0, -3.259629011154175e-09, 0.0], [0.0, 0.0, 0.0, 0.0, -1.0, -9.313225746154785e-10, 0.0, -1.3969838619232178e-09, -1.862645149230957e-09, 0.0, 0.0, 1.0, 1.0, 0.0, 0.0, 0.0], [0.0, 0.0, 0.0, 0.0, 0.0, 0.0, 0.0, 0.0, 0.0, 0.0, 0.0, 0.0, 0.0, 0.0, 0.0, 0.0], [0.0, 0.0, 0.0, 0.0, 0.0, 0.0, 0.0, 0.0, 0.0, 0.0, 0.0, 0.0, 0.0, 0.0, 0.0, 0.0], [0.0, 0.0, 0.0, 0.0, 0.0, 0.0, 0.0, 0.0, 0.0, 0.0, 0.0, 0.0, 0.0, 0.0, 0.0, 0.0], [0.0, 0.0, 0.0, 0.0, 0.0, 0.0, 0.0, 0.0, 0.0, 0.0, 0.0, 0.0, 0.0, 0.0, 0.0, 0.0], [0.0, 0.0, 0.0, 0.0, 0.0, 0.0, 0.0, 0.0, 0.0, 0.0, 0.0, 0.0, 0.0, 0.0, 0.0, 0.0], [0.0, 0.0, 0.0, 0.0, 0.0, 0.0, 0.0, 0.0, 0.0, 0.0, 0.0, 0.0, 0.0, 0.0, 0.0, 0.0], [0.0, 0.0, 0.0, 0.0, 0.0, 0.0, 0.0, 0.0, 0.0, 0.0, 0.0, 0.0, 0.0, 0.0, 0.0, 0.0], [0.0, 0.0, 0.0, 0.0, 0.0, 0.0, 0.0, 0.0, 0.0, 0.0, 0.0, 0.0, 0.0, 0.0, 0.0, 0.0], [0.0, 0.0, 0.0, 0.0, 0.0, 0.0, 0.0, 0.0, 0.0, 0.0, 0.0, 0.0, 0.0, 0.0, 0.0, 0.0], [0.0, 0.0, 0.0, 0.0, 0.0, 0.0, 0.0, 0.0, 0.0, 0.0, 0.0, 0.0, 0.0, 0.0, 0.0, 0.0]], [[0.0, 0.0, 0.0], [4.656612873077393e-10, 1.6298145055770874e-09, 0.0], [0.0, 0.0, 0.0], [0.0, 0.0, 1.862645149230957e-09], [0.0, 1.0, -0.5], [-9.313225746154785e-10, 0.0, 0.0], [0.0, 0.0, 0.0], [0.0, 0.0, 0.0], [0.0, 0.0, 3.725290298461914e-09], [0.5, -0.5, -0.5], [0.5, 0.0, 0.0], [-1.0, 0.0, 1.0], [-1.1641532182693481e-10, -1.0, 1.0], [0.0, -0.5, 0.0], [0.0, 0.0, 0.0], [0.0, 4.656612873077393e-10, 0.0]]]
biases=[[0.0, 0.0, 0.0, 0.0, 0.0, 0.0, 0.0, 0.0, 0.0, 0.0, 0.0, 0.0, 0.0, 0.0, 0.0, 0.0], [0.0, 0.0, -1.0]]
