solver=gd_t
n_hidden_layers=2
examples_per_class=3
examples_skip=0
time_out=5
lr=0.001
tf_seed=0
train_performance=0.0
test_performance=0.0
total_time=5.000000508626302
is_sat=False
weights=[[[3.725290298461914e-09, -4.656612873077393e-10, -3.725290298461914e-09, 0.0, 0.0, 0.0, 0.0, 0.0, 0.0, 0.0, 0.0, 3.725290298461914e-09, 0.0, -9.313225746154785e-10, 0.0, -3.725290298461914e-09], [0.0, 0.0, 3.725290298461914e-09, 0.0, 0.0, 0.0, 0.0, 1.862645149230957e-09, 0.0, -1.3969838619232178e-09, 9.313225746154785e-10, 0.0, 0.0, 0.0, -7.450580596923828e-09, 3.725290298461914e-09], [1.862645149230957e-09, 0.0, 0.0, 1.862645149230957e-09, 0.0, 0.0, 4.656612873077393e-10, 0.0, -6.984919309616089e-10, -3.725290298461914e-09, 0.0, 0.0, -1.862645149230957e-09, -1.862645149230957e-09, 0.0, 0.0], [0.0, 0.0, 0.0, 0.0, 0.0, 0.0, 9.313225746154785e-10, 0.0, 0.0, 0.0, 8.185452315956354e-11, 0.0, 0.0, 0.0, -1.862645149230957e-09, 0.0], [0.0, 0.0, 0.0, 0.0, 0.0, 0.0, 0.0, 1.862645149230957e-09, 0.0, 3.725290298461914e-09, 0.0, 0.0, 0.0, 0.0, 5.820766091346741e-10, 0.0], [3.725290298461914e-09, 0.0, 0.0, 0.0, 0.0, 0.0, 0.0, 0.0, 0.0, 0.0, 0.0, 0.0, 0.0, 3.550667315721512e-09, 0.0, 0.0], [0.0, 0.0, 0.0, 0.0, 2.0372681319713593e-10, 2.0954757928848267e-09, 2.3283064365386963e-10, 0.0, 0.0, -7.450580596923828e-09, 0.0, 0.0, 0.0, 0.0, 1.862645149230957e-09, 0.0], [0.0, 0.0, 0.0, 1.862645149230957e-09, 0.0, 1.862645149230957e-09, 0.0, 0.0, 0.0, 5.384208634495735e-10, 0.0, 0.0, 0.0, 0.0, 0.0, 0.0], [0.0, 0.0, 0.0, -3.725290298461914e-09, 0.0, -9.313225746154785e-10, 0.0, -3.725290298461914e-09, 0.0, 0.0, 0.0, 0.0, 3.725290298461914e-09, 0.0, 9.313225746154785e-10, -1.862645149230957e-09], [0.0, 0.0, 0.0, -9.313225746154785e-10, 0.0, 0.0, 0.0, -7.450580596923828e-09, 0.0, 0.0, 4.656612873077393e-10, -1.862645149230957e-09, 0.0, 0.0, 0.0, 0.0], [-1.862645149230957e-09, 0.0, 0.0, 3.725290298461914e-09, 0.0, 0.0, -1.862645149230957e-09, 0.0, 9.313225746154785e-10, 0.0, 0.0, 0.0, 0.0, 9.313225746154785e-10, 0.0, -1.862645149230957e-09], [0.0, 1.862645149230957e-09, -9.313225746154785e-10, 0.0, 0.0, -1.7462298274040222e-10, 0.0, -9.313225746154785e-10, 0.0, 0.0, 0.0, 0.0, -3.725290298461914e-09, 3.725290298461914e-09, 0.0, 0.0], [0.0, 0.0, -3.725290298461914e-09, -1.862645149230957e-09, -9.313225746154785e-10, 0.0, -1.862645149230957e-09, 0.0, 0.0, 0.0, -3.725290298461914e-09, -1.862645149230957e-09, 0.0, 0.0, 3.725290298461914e-09, 0.0], [0.0, 2.7939677238464355e-09, -1.6298145055770874e-09, 0.0, 0.0, -1.862645149230957e-09, 1.862645149230957e-09, 0.0, 9.313225746154785e-10, 0.0, 3.725290298461914e-09, 4.656612873077393e-10, 0.0, 0.0, 0.0, 3.725290298461914e-09], [1.3969838619232178e-09, 3.725290298461914e-09, 0.0, 1.862645149230957e-09, 0.0, 0.0, 7.450580596923828e-09, -1.1641532182693481e-09, 3.725290298461914e-09, 3.725290298461914e-09, 0.0, 0.0, 0.0, 0.0, 0.0, 0.0], [0.0, 0.0, 0.0, 8.149072527885437e-10, 0.0, 3.725290298461914e-09, -1.862645149230957e-09, 0.0, 0.0, 0.0, -2.7939677238464355e-09, 0.0, 0.0, 1.862645149230957e-09, 0.0, 0.0], [3.725290298461914e-09, -1.862645149230957e-09, 0.0, 0.0, 0.0, 0.0, 0.0, 0.0, -3.725290298461914e-09, -1.862645149230957e-09, 0.0, 0.0, 0.0, -4.656612873077393e-10, 0.0, -3.725290298461914e-09], [0.0, -3.725290298461914e-09, 0.0, 0.0, 0.0, 4.656612873077393e-10, 7.450580596923828e-09, 3.725290298461914e-09, -1.3969838619232178e-09, 0.0, 9.313225746154785e-10, -2.7939677238464355e-09, 0.0, 0.0, 1.8189894035458565e-11, -9.313225746154785e-10], [-3.725290298461914e-09, 1.862645149230957e-09, 0.0, 0.0, 9.313225746154785e-10, 0.0, 0.0, 0.0, 3.259629011154175e-09, 0.0, 0.0, -7.450580596923828e-09, 0.0, 0.0, -3.725290298461914e-09, 1.862645149230957e-09], [0.0, 0.0, 0.0, -7.450580596923828e-09, 0.0, 0.0, -1.3969838619232178e-09, -3.725290298461914e-09, 0.0, 0.0, 0.0, -1.862645149230957e-09, -1.862645149230957e-09, 0.0, -1.3969838619232178e-09, 0.0], [0.0, 0.0, 0.0, 4.656612873077393e-10, 0.0, -4.656612873077393e-10, 0.0, -3.725290298461914e-09, 0.0, 0.0, 0.0, 3.725290298461914e-09, 0.0, 0.0, -1.3969838619232178e-09, 0.0], [0.0, -1.1641532182693481e-10, 0.0, 0.0, 0.0, 0.0, 0.0, 0.0, -3.725290298461914e-09, -6.984919309616089e-10, 0.0, 0.0, 0.0, 0.0, 0.0, 0.0], [0.0, 0.0, 1.862645149230957e-09, 0.0, 9.313225746154785e-10, 0.0, 0.0, 0.0, 0.0, 0.0, 3.725290298461914e-09, 0.0, 0.0, 0.0, -3.725290298461914e-09, 0.0], [7.450580596923828e-09, 0.0, 1.862645149230957e-09, -1.862645149230957e-09, 0.0, 0.0, 1.862645149230957e-09, 0.0, -7.450580596923828e-09, -7.450580596923828e-09, 0.0, 0.0, 0.0, 6.984919309616089e-10, 0.0, 7.450580596923828e-09], [3.725290298461914e-09, 0.0, -4.656612873077393e-10, 0.0, -1.1641532182693481e-10, 0.0, 2.3283064365386963e-09, 0.0, 0.0, -3.725290298461914e-09, 9.313225746154785e-10, 0.0, 1.862645149230957e-09, 0.0, 0.0, -3.725290298461914e-09], [-3.725290298461914e-09, 0.0, -1.862645149230957e-09, 0.0, 0.0, -1.862645149230957e-09, 0.0, 0.0, 0.0, 0.0, -1.1641532182693481e-10, 0.0, 9.313225746154785e-10, -2.7939677238464355e-09, 3.725290298461914e-09, -3.725290298461914e-09], [0.0, 0.0, -9.313225746154785e-10, 4.656612873077393e-10, 0.0, 0.0, 0.0, -1.862645149230957e-09, 0.0, -9.313225746154785e-10, -9.313225746154785e-10, -4.656612873077393e-10, -1.862645149230957e-09, 0.0, 0.0, 0.0], [0.0, 3.725290298461914e-09, 0.0, 0.0, 0.0, 9.313225746154785e-10, -1.862645149230957e-09, 0.0, 0.0, 3.725290298461914e-09, 0.0, 0.0, 0.0, 0.0, 0.0, 3.725290298461914e-09], [9.313225746154785e-10, 0.0, 0.0, -1.862645149230957e-09, 0.0, 0.0, 0.0, 0.0, 0.0, 0.0, -2.7939677238464355e-09, -7.450580596923828e-09, -3.725290298461914e-09, -1.862645149230957e-09, -9.313225746154785e-10, 0.0], [2.7939677238464355e-09, 0.0, 0.0, -3.725290298461914e-09, -1.4551915228366852e-09, 0.0, -4.656612873077393e-10, 0.0, 0.0, -4.656612873077393e-10, 0.0, 0.0, 1.862645149230957e-09, -9.313225746154785e-10, -3.725290298461914e-09, 0.0], [1.862645149230957e-09, 0.0, 3.725290298461914e-09, 0.0, 0.0, -3.725290298461914e-09, 0.0, 0.0, 0.0, 0.0, -7.450580596923828e-09, 1.862645149230957e-09, 0.0, 3.725290298461914e-09, 0.0, 3.725290298461914e-09], [0.0, -1.862645149230957e-09, 0.0, 0.0, 0.0, -1.862645149230957e-09, 0.0, -1.862645149230957e-09, 0.0, 1.862645149230957e-09, 0.0, 9.313225746154785e-10, 0.0, 0.0, 7.450580596923828e-09, 0.0], [-2.3283064365386963e-10, 0.0, -9.313225746154785e-10, 0.0, 0.0, 0.0, 0.0, 0.0, 0.0, 0.0, 4.656612873077393e-10, -1.862645149230957e-09, 0.0, 0.0, 0.0, 0.0], [0.0, 0.0, 0.0, 0.0, 0.0, 0.0, 0.0, 0.0, 0.0, 0.0, 0.0, -9.313225746154785e-10, 0.0, 6.984919309616089e-10, 3.725290298461914e-09, 9.313225746154785e-10], [0.0, 0.0, -9.313225746154785e-10, -2.3283064365386963e-09, -9.313225746154785e-10, 0.0, 5.820766091346741e-11, 4.656612873077393e-10, 0.0, -4.656612873077393e-10, 0.0, 0.0, 1.862645149230957e-09, 0.0, -3.725290298461914e-09, 1.862645149230957e-09], [0.0, 0.0, 9.313225746154785e-10, 0.0, -1.3606040738523006e-09, 0.0, 0.0, 0.0, 3.725290298461914e-09, 0.0, 0.0, 6.984919309616089e-10, 3.4924596548080444e-10, -1.862645149230957e-09, 0.0, 0.0], [0.0, 0.0, 0.0, 0.0, 0.0, 0.0, -3.725290298461914e-09, 3.725290298461914e-09, 1.7462298274040222e-10, 0.0, 0.0, 0.0, 0.0, 1.1641532182693481e-09, -3.725290298461914e-09, 1.3969838619232178e-09], [0.0, 9.313225746154785e-10, -3.725290298461914e-09, -3.725290298461914e-09, 0.0, 0.0, 0.0, 1.862645149230957e-09, -7.450580596923828e-09, 3.725290298461914e-09, 0.0, 0.0, 0.0, -3.725290298461914e-09, 7.450580596923828e-09, 0.0], [0.0, 0.0, 0.0, -3.725290298461914e-09, -6.83940015733242e-10, 0.0, 1.862645149230957e-09, 0.0, -7.450580596923828e-09, -3.725290298461914e-09, -4.656612873077393e-10, 0.0, 0.0, 0.0, 0.0, -2.7939677238464355e-09], [0.0, 0.0, -1.862645149230957e-09, 4.656612873077393e-10, 0.0, 0.0, 0.0, 0.0, 0.0, -9.313225746154785e-10, 0.0, -1.3533281162381172e-09, 0.0, 0.0, -1.862645149230957e-09, 4.0745362639427185e-10], [0.0, 0.0, 0.0, 0.0, 0.0, 0.0, 0.0, 0.0, 0.0, 0.0, 0.0, 0.0, 0.0, 0.0, 0.0, 0.0], [0.0, 0.0, 0.0, 0.0, 0.0, 0.0, 0.0, 0.0, 0.0, 0.0, 0.0, 0.0, 0.0, 0.0, 0.0, 0.0], [0.0, 0.0, 0.0, 0.0, 0.0, 0.0, 0.0, 0.0, 0.0, 0.0, 0.0, 0.0, 0.0, 0.0, 0.0, 0.0], [0.0, 0.0, 0.0, 0.0, 0.0, 0.0, 0.0, 0.0, 0.0, 0.0, 0.0, 0.0, 0.0, 0.0, 0.0, 0.0], [0.0, 0.0, 0.0, 0.0, 0.0, 0.0, 0.0, 0.0, 0.0, 0.0, 0.0, 0.0, 0.0, 0.0, 0.0, 0.0], [0.0, 0.0, 0.0, 0.0, 0.0, 0.0, 0.0, 0.0, 0.0, 0.0, 0.0, 0.0, 0.0, 0.0, 0.0, 0.0], [0.0, 0.0, 0.0, 0.0, 0.0, 0.0, 0.0, 0.0, 0.0, 0.0, 0.0, 0.0, 0.0, 0.0, 0.0, 0.0], [0.0, 0.0, 0.0, 0.0, 0.0, 0.0, 0.0, 0.0, 0.0, 0.0, 0.0, 0.0, 0.0, 0.0, 0.0, 0.0], [0.0, 0.0, 0.0, 0.0, 0.0, 0.0, 0.0, 0.0, 0.0, 0.0, 0.0, 0.0, 0.0, 0.0, 0.0, 0.0], [0.0, 0.0, 0.0, 0.0, 0.0, 0.0, 0.0, 0.0, 0.0, 0.0, 0.0, 0.0, 0.0, 0.0, 0.0, 0.0]], [[0.0, 0.0, -3.725290298461914e-09, 0.0, 0.0, 9.313225746154785e-10, 9.313225746154785e-10, 0.0, 0.0, 0.0, 0.0, 0.0, -1.862645149230957e-09, 0.0, 0.0, 0.0], [3.725290298461914e-09, 0.0, 3.725290298461914e-09, 0.0, 0.0, 0.0, 0.0, 0.0, 1.862645149230957e-09, 0.0, 0.0, 0.0, 0.0, 0.0, 1.862645149230957e-09, -3.7834979593753815e-10], [5.820766091346741e-10, 0.0, 0.0, 0.0, -1.3969838619232178e-09, 0.0, 0.0, 0.0, 0.0, -3.725290298461914e-09, 0.0, 0.0, 0.0, 3.725290298461914e-09, -9.313225746154785e-10, 0.0], [0.0, 0.0, 1.862645149230957e-09, 0.0, 0.0, 0.0, 3.725290298461914e-09, 0.0, 0.0, -3.725290298461914e-09, 0.0, 0.0, 3.725290298461914e-09, 0.0, 3.725290298461914e-09, 3.725290298461914e-09], [0.0, 0.0, 7.450580596923828e-09, -2.3283064365386963e-10, -7.450580596923828e-09, 1.862645149230957e-09, 0.0, -1.862645149230957e-09, 0.0, -4.656612873077393e-10, 0.0, -4.656612873077393e-10, -7.450580596923828e-09, 2.3283064365386963e-10, -3.725290298461914e-09, 0.0], [0.0, -1.862645149230957e-09, -4.656612873077393e-10, -3.725290298461914e-09, 0.0, 2.7939677238464355e-09, -3.725290298461914e-09, 0.0, 0.0, 1.862645149230957e-09, -2.3283064365386963e-10, -7.450580596923828e-09, 0.0, 0.0, 0.0, -9.313225746154785e-10], [0.0, 0.0, 3.725290298461914e-09, 3.259629011154175e-09, 0.0, 1.1641532182693481e-10, -3.725290298461914e-09, 0.0, 1.1641532182693481e-10, 9.313225746154785e-10, 0.0, 0.0, 0.0, 0.0, 0.0, 0.0], [9.313225746154785e-10, -9.313225746154785e-10, 9.313225746154785e-10, 0.0, 7.450580596923828e-09, -7.450580596923828e-09, 0.0, 0.0, 0.0, 0.0, -1.3969838619232178e-09, -3.725290298461914e-09, 0.0, 0.0, 1.076841726899147e-09, 0.0], [0.0, 0.0, -1.3969838619232178e-09, 0.0, 4.656612873077393e-10, 0.0, 0.0, 0.0, 0.0, 0.0, 0.0, 0.0, 0.0, 0.0, 0.0, 0.0], [9.313225746154785e-10, 0.0, -3.725290298461914e-09, -1.862645149230957e-09, 0.0, 0.0, 3.725290298461914e-09, 0.0, 4.656612873077393e-10, 0.0, -3.725290298461914e-09, 0.0, 9.313225746154785e-10, 0.0, -9.313225746154785e-10, 0.0], [0.0, 9.313225746154785e-10, 0.0, 0.0, 0.0, 0.0, 0.0, 0.0, 0.0, 0.0, 0.0, 9.313225746154785e-10, 0.0, 9.313225746154785e-10, 1.862645149230957e-09, -9.313225746154785e-10], [0.0, 0.0, 0.0, 0.0, 0.0, 0.0, -6.984919309616089e-10, 0.0, 0.0, 0.0, -9.313225746154785e-10, -4.656612873077393e-10, 1.862645149230957e-09, -6.984919309616089e-10, 0.0, 0.0], [1.862645149230957e-09, 0.0, -3.725290298461914e-09, 0.0, 0.0, 0.0, 1.862645149230957e-09, 0.0, 1.862645149230957e-09, 1.862645149230957e-09, 0.0, -1.862645149230957e-09, 0.0, 0.0, 0.0, 1.862645149230957e-09], [0.0, -9.313225746154785e-10, 0.0, 0.0, 0.0, 0.0, 0.0, -1.862645149230957e-09, 0.0, 0.0, 0.0, 0.0, -1.4551915228366852e-09, -1.862645149230957e-09, 0.0, 1.862645149230957e-09], [0.0, 0.0, 0.0, -4.656612873077393e-10, 1.862645149230957e-09, 0.0, 0.0, 0.0, 0.0, 0.0, 0.0, 0.0, 0.0, 0.0, 0.0, 0.0], [1.862645149230957e-09, 0.0, 0.0, 0.0, 0.0, 0.0, 0.0, 0.0, 0.0, 0.0, 0.0, 1.3969838619232178e-09, 0.0, 0.0, -1.862645149230957e-09, 0.0]], [[0.0, 0.0, 0.0], [0.0, 0.0, 0.0], [0.0, 0.0, 0.0], [0.0, 0.0, 0.0], [0.0, 0.0, 0.0], [0.0, 0.0, 0.0], [0.0, 0.0, 0.0], [0.0, 0.0, 0.0], [0.0, 0.0, 0.0], [0.0, 0.0, 0.0], [0.0, 0.0, 0.0], [0.0, 0.0, 0.0], [0.0, 0.0, 0.0], [0.0, 0.0, 0.0], [0.0, 0.0, 0.0], [0.0, 0.0, 0.0]]]
biases=[[0.0, 0.0, 0.0, 0.0, 0.0, 0.0, 0.0, 0.0, 0.0, 0.0, 0.0, 0.0, 0.0, 0.0, 0.0, 0.0], [0.0, 0.0, 0.0, 0.0, 0.0, 0.0, 0.0, 0.0, 0.0, 0.0, 0.0, 0.0, 0.0, 0.0, 0.0, 0.0], [-1.0, -1.0, -1.0]]
